10
1
0.025
0.05
0.5
1.0E-03 5.2131E-03 3.3826E-01 -4.1684E-01 -3.5239E-01 2.0666E-01 6.3292E-01
1.0E-03 3.346E-02 -2.7936E-02 3.1228E-01 3.4289E-02 -7.5063E-01 -2.5976E-01
1.0E-03 1.3173E00 -2.2559E-01 2.6351E-01 7.2055E-02 -2.5264E-01 -1.2522E-01
1.0E-03 4.5599E-01 1.9313E-01 2.288E-01 -3.4287E-01 -8.3888E-01 -1.8617E-01
1.0E-03 -7.0101E-01 4.9999E-01 1.6515E00 1.0955E-01 4.7779E-01 1.0187E-02
1.0E-03 -3.7147E-01 5.8823E-01 -2.0078E-01 -7.6783E-01 4.4655E-01 -4.3489E-02
1.0E-03 4.7737E-02 -3.2497E-01 1.7853E-01 -5.6591E-02 4.3392E-01 2.3843E-01
1.0E-03 -6.5463E-02 -1.4254E-01 5.2167E-01 -5.043E-02 -2.0397E-01 6.3956E-01
1.0E-03 2.2793E-01 -1.5749E-01 2.0381E-01 -1.1594E-01 2.2373E-01 -6.6715E-01
1.0E-03 -6.4083E-01 -3.7523E-01 -4.9902E-01 -1.5611E-02 -5.841E-01 7.278E-02
