100
100
0.025
0.05
0.5
1.0E-03 5.2131E-03 3.3826E-01 -4.1684E-01 -3.5239E-01 2.0666E-01 6.3292E-01
1.0E-03 3.346E-02 -2.7936E-02 3.1228E-01 3.4289E-02 -7.5063E-01 -2.5976E-01
1.0E-03 1.3173E00 -2.2559E-01 2.6351E-01 7.2055E-02 -2.5264E-01 -1.2522E-01
1.0E-03 4.5599E-01 1.9313E-01 2.288E-01 -3.4287E-01 -8.3888E-01 -1.8617E-01
1.0E-03 -7.0101E-01 4.9999E-01 1.6515E00 1.0955E-01 4.7779E-01 1.0187E-02
1.0E-03 -3.7147E-01 5.8823E-01 -2.0078E-01 -7.6783E-01 4.4655E-01 -4.3489E-02
1.0E-03 4.7737E-02 -3.2497E-01 1.7853E-01 -5.6591E-02 4.3392E-01 2.3843E-01
1.0E-03 -6.5463E-02 -1.4254E-01 5.2167E-01 -5.043E-02 -2.0397E-01 6.3956E-01
1.0E-03 2.2793E-01 -1.5749E-01 2.0381E-01 -1.1594E-01 2.2373E-01 -6.6715E-01
1.0E-03 -6.4083E-01 -3.7523E-01 -4.9902E-01 -1.5611E-02 -5.841E-01 7.278E-02
1.0E-03 -6.9617E-01 2.3095E-01 5.0398E-01 3.2486E-01 -5.8422E-01 5.0764E-01
1.0E-03 5.7692E-02 -1.0863E00 -3.695E-01 1.8897E-01 -9.84E-02 4.1422E-02
1.0E-03 8.3168E-02 7.7292E-01 3.8078E-01 9.8203E-02 7.1901E-01 -8.7912E-02
1.0E-03 -5.4272E-01 2.501E-01 -3.843E-02 5.5145E-02 1.727E-02 2.4381E-01
1.0E-03 -1.3046E-02 -5.7744E-03 2.9795E-01 -4.7701E-01 -3.2021E-02 -1.0204E00
1.0E-03 1.815E-01 -5.8562E-01 -2.0072E-02 2.4717E-01 4.0289E-02 2.0632E-01
1.0E-03 -1.5027E00 5.8936E-01 1.5289E00 2.3413E-01 2.5681E-01 3.5002E-01
1.0E-03 2.5664E00 3.0812E00 1.1654E00 -8.8237E-02 -1.2803E-01 -6.0843E-02
1.0E-03 -4.8441E-02 -2.6107E-01 -3.7467E-01 -3.4094E-01 -4.1414E-01 -5.458E-01
1.0E-03 6.4533E-02 7.1523E-01 -7.5913E-01 -1.2637E-01 -4.9003E-02 1.3797E-01
1.0E-03 -3.8595E-01 1.1949E00 -6.0855E-01 2.6036E-01 1.3262E-01 5.4704E-02
1.0E-03 -3.8241E-01 -2.963E-01 -3.3158E-01 -4.8591E-01 3.7182E-01 2.94E-01
1.0E-03 1.9844E-01 -6.087E-01 -3.5672E-01 4.5913E-02 7.4614E-01 1.2724E-01
1.0E-03 -7.0862E-01 -1.6042E-01 2.0679E-01 2.4734E-02 6.7582E-01 1.6371E-01
1.0E-03 -1.2757E-01 5.0024E-02 -1.608E-01 -2.747E-01 5.7635E-01 9.0635E-02
1.0E-03 1.7984E-01 -4.3352E-01 1.069E00 2.4585E-01 2.6602E-01 8.2539E-01
1.0E-03 -2.0204E-01 -2.7618E-01 -1.8388E-01 -5.6387E-03 1.0364E-01 3.683E-01
1.0E-03 3.7999E-01 -1.9369E-01 -3.2903E-02 -1.7379E-01 -2.4152E-02 -2.4698E-01
1.0E-03 3.159E-01 6.7238E-01 -6.6475E-01 2.1321E-01 -4.8842E-01 2.0114E-01
1.0E-03 3.0514E-02 4.54E-01 -7.1588E-02 3.7496E-01 7.6771E-01 -1.6827E-01
1.0E-03 -2.2214E00 -1.9144E00 -6.7306E-02 1.5082E-01 1.9994E-02 2.2305E-02
1.0E-03 6.9306E-02 9.6863E-02 -7.7478E-02 3.024E-01 -1.0015E00 6.0947E-01
1.0E-03 -6.0882E-01 5.3614E-01 -3.1238E-01 -7.2205E-02 3.7455E-01 -1.5339E-01
1.0E-03 3.4111E-01 4.2001E-02 8.599E-01 8.1353E-01 -3.76E-01 1.5498E-01
1.0E-03 -2.5661E-01 3.5649E-01 -3.5876E-01 -4.5052E-01 2.5148E-01 -1.3048E-01
1.0E-03 -6.1234E-01 2.1947E-01 -1.0956E-02 1.087E-01 2.6116E-01 -6.9444E-01
1.0E-03 5.2427E-01 4.5958E-01 3.4497E-01 -3.6814E-01 7.6233E-02 -2.2037E-01
1.0E-03 -4.0818E-01 2.3909E-01 6.476E-01 -3.0679E-01 1.8421E-01 8.5639E-01
1.0E-03 -3.31E-01 7.7541E-01 4.3485E-01 1.7675E-01 -3.2607E-01 -4.2495E-01
1.0E-03 -1.0914E-02 -1.239E00 1.7567E-01 1.4189E-02 1.3847E-01 -4.3619E-01
1.0E-03 -8.3167E-01 -4.8039E-01 -7.7139E-02 3.9764E-01 -2.745E-01 -2.0449E-01
1.0E-03 -7.0688E-01 -1.8523E-01 6.1838E-01 -4.1664E-01 2.9978E-01 8.2022E-01
1.0E-03 1.6793E-01 -8.1091E-02 3.6743E-01 -1.42E-01 -6.7817E-01 -5.7822E-01
1.0E-03 -4.2578E-01 3.3061E-01 7.2054E-02 5.6991E-01 4.1494E-01 1.8676E-01
1.0E-03 4.1377E00 -5.2378E00 -1.1265E00 9.5617E-02 9.4387E-02 2.1943E-01
1.0E-03 -6.4624E-01 -3.258E-01 -1.7537E-01 3.9263E-01 2.7965E-01 4.2202E-02
1.0E-03 3.5389E-01 -3.1526E-01 2.6787E-03 -1.0889E-01 1.8546E-01 8.2031E-01
1.0E-03 4.3655E-01 -4.5386E-02 6.3517E-01 -1.7351E-01 9.7162E-01 1.5122E-01
1.0E-03 1.3177E00 9.3561E-01 8.406E-02 3.6253E-01 -1.6964E-02 4.2519E-01
1.0E-03 -2.8133E-01 -4.5218E-01 6.2124E-02 -1.4588E-01 -9.7043E-02 -3.2123E-01
1.0E-03 3.3698E-01 -1.4937E-01 3.1525E-01 -8.4064E-01 -3.0591E-01 -2.8904E-01
1.0E-03 -1.7012E-01 -6.2092E-01 -3.1722E-02 -7.8305E-01 7.5136E-01 1.1079E-01
1.0E-03 -1.6786E-01 -4.2784E-02 1.3551E-02 -7.4931E-01 -9.4547E-01 -4.5101E-01
1.0E-03 2.0988E-01 4.5778E-02 2.5903E-01 -2.5354E-01 -4.7768E-01 -1.139E-01
1.0E-03 -1.1402E-01 -7.8936E-01 -6.1346E-01 2.1086E-01 -1.1823E-02 -2.2056E-01
1.0E-03 -1.0921E-01 -3.6553E-01 -1.7789E-01 7.3206E-01 1.5105E-01 6.2661E-01
1.0E-03 2.2241E-01 -1.0117E00 -3.421E-01 6.096E-01 -1.6147E-01 -6.7595E-01
1.0E-03 -1.109E00 -7.587E-01 1.8447E-01 3.7389E-01 2.9322E-02 3.8962E-01
1.0E-03 1.1432E00 9.3992E-01 -3.7919E-01 -5.6544E-01 -5.8553E-02 6.667E-02
1.0E-03 -4.2938E-03 -4.7963E-01 6.9586E-01 6.1207E-01 -8.8545E-01 -3.9868E-03
1.0E-03 -2.3027E00 -5.5941E-01 4.3993E-01 4.5663E-01 2.1307E-01 1.0353E-01
1.0E-03 4.4489E-01 2.8165E-01 -2.6455E-01 2.5277E-01 4.4234E-01 -6.4434E-01
1.0E-03 8.0426E-02 4.1212E-01 -3.0512E-01 -3.8987E-01 7.0047E-01 -4.8966E-01
1.0E-03 -3.9432E00 -1.4867E-01 3.3698E00 -9.5532E-02 2.201E-01 -9.5177E-02
1.0E-03 -3.632E-01 1.1425E00 -1.6753E00 2.479E-02 6.0778E-01 4.1643E-01
1.0E-03 -1.0758E00 -2.5771E00 2.0644E-02 1.3871E-01 2.2859E-02 -2.6074E-01
1.0E-03 -1.6632E-01 2.8624E-01 1.5564E00 -3.9997E-01 -1.9076E-01 -2.7789E-01
1.0E-03 -4.2827E-01 -2.5591E-01 1.412E-01 -4.3229E-01 -6.2859E-01 -3.5553E-01
1.0E-03 -1.8402E-01 -1.3208E-01 -1.9235E-01 1.201E-01 1.4869E-01 -8.4517E-02
1.0E-03 -6.9632E-01 5.747E-01 -2.7337E-01 -4.0628E-01 1.4911E-01 -4.9249E-01
1.0E-03 2.1675E00 -1.5482E00 9.0404E-01 1.161E-01 -7.7911E-03 -3.1961E-01
1.0E-03 -2.8704E00 -4.2438E00 -8.4404E00 1.6123E-01 -1.4272E-01 1.0175E-01
1.0E-03 2.5163E-01 -1.4184E-01 2.4714E-01 -2.5451E-01 -3.0909E-01 3.6017E-01
1.0E-03 2.4743E-01 -7.666E-01 7.3956E-01 -4.0443E-01 -7.3822E-01 1.2412E-01
1.0E-03 9.4649E-01 -1.0829E00 -2.2021E-02 -2.0114E-01 1.0378E-01 2.2216E-02
1.0E-03 9.4887E-02 -1.5765E-01 -2.0135E-01 -3.724E-01 5.6314E-01 1.0418E00
1.0E-03 -3.4759E-01 4.4646E-01 3.212E-01 -1.6176E-01 -1.904E-01 -9.2557E-02
1.0E-03 2.2033E-01 -8.1758E-01 1.3103E-01 -1.4736E-01 1.1659E-01 2.2962E-01
1.0E-03 -1.0722E00 -9.1228E-01 4.9107E-01 6.4948E-01 3.7155E-02 2.7112E-01
1.0E-03 7.5286E-01 5.2667E00 1.8684E00 -1.3161E-02 1.5633E-01 8.3161E-02
1.0E-03 2.7671E-01 -3.219E-01 -4.1219E-02 -7.2655E-02 -3.5584E-01 -6.6262E-01
1.0E-03 4.8454E-02 -2.2445E-01 1.8405E-01 1.8416E-01 -6.6179E-01 -3.8647E-01
1.0E-03 -6.177E-02 -1.4694E-01 4.5264E-01 -6.8542E-01 -4.7145E-01 -8.5914E-02
1.0E-03 4.8418E-02 9.5124E-02 -4.589E-01 -3.7997E-01 9.5731E-01 -4.1649E-01
1.0E-03 -2.7729E-01 7.0619E-01 2.9322E-01 1.1103E-01 3.1732E-01 8.0978E-02
1.0E-03 -3.9346E-02 -7.5143E-01 -6.3753E-02 -2.3449E-02 3.5703E-01 -5.998E-02
1.0E-03 -1.2036E-01 -9.6754E-01 1.4916E-02 -7.6453E-01 4.7076E-02 -3.7313E-01
1.0E-03 4.8879E-01 1.9039E-03 8.9768E-02 -4.9277E-01 -4.8064E-01 5.5532E-01
1.0E-03 6.6521E-01 2.8814E-01 8.7154E-01 -2.4264E-01 -4.8109E-01 9.0296E-01
1.0E-03 3.8507E-02 -4.5398E-02 -6.3451E-01 6.8867E-02 7.2566E-01 -1.2672E-01
1.0E-03 -1.0514E00 -1.3587E00 -7.8178E-01 3.0039E-01 7.8676E-02 -2.7905E-01
1.0E-03 -7.6013E-01 7.0371E-01 -1.06E00 5.7871E-02 8.2302E-02 -3.3546E-02
1.0E-03 -8.4789E-01 -4.9881E00 2.8512E00 -2.0261E-02 2.6238E-01 -2.0378E-01
1.0E-03 -5.4032E-01 -1.8793E-02 1.8263E-01 -2.071E-01 1.0901E-01 9.1625E-01
1.0E-03 -5.31E-02 1.9664E-01 2.8117E-02 -1.2204E00 -3.3408E-01 -3.0001E-01
1.0E-03 3.3028E-01 1.1843E00 -1.2692E-02 1.033E-01 8.7062E-02 -1.5114E-01
1.0E-03 -1.1895E-01 -2.3475E00 2.1159E-01 -2.0471E-01 1.4363E-01 3.4148E-01
1.0E-03 -1.1569E-02 -2.9202E-01 2.1398E-02 -1.7859E-01 -6.0929E-01 -1.5571E-02
1.0E-03 -4.7873E-01 7.2552E-01 1.2816E00 -1.902E-01 1.4782E-01 -2.03E-01
1.0E-03 -1.7872E-02 3.0988E-01 7.9348E-01 4.1187E-01 -1.3324E-01 3.531E-01
