25
25
0.025
0.05
0.5
0.04 0.5497225073863391 0.6241147190444706 0.2599019758682242 0 0 0
0.04 -0.223229673329382 -0.05448606566269233 -0.5847064021903585 0 0 0
0.04 0.8653469019873752 -0.4019344287933476 0.02886085818934294 0 0 0
0.04 -0.4717128851784919 -0.3288567482162531 0.5773730434371964 0 0 0
0.04 -0.5793156864025237 0.1710126768662653 -0.5915475299542525 0 0 0
0.04 0.3435105063689456 -0.09456957648255376 0.1730515394234338 0 0 0
0.04 0.3335905369993255 0.4812191545410171 0.4608891510688183 0 0 0
0.04 -0.2911382221109877 -0.8659183428929739 -0.3764223229961574 0 0 0
0.04 -0.3049965637293628 -0.1050919085299093 0.3512497168738626 0 0 0
0.04 -0.308386158807383 0.05367766369771104 -0.3350286694872326 0 0 0
0.04 0.304564721558506 0.6586337581549928 0.1433764375482576 0 0 0
0.04 0.02076383168844684 0.2882925603949896 0.7539581366600274 0 0 0
0.04 0.256465864021548 0.1242337427680538 0.5102637212305626 0 0 0
0.04 -0.2348828405304266 0.2926154058857893 0.6526137337333586 0 0 0
0.04 -0.5780756946551034 -0.03267204530195894 -0.5731061518067057 0 0 0
0.04 -0.7233159894697908 0.5256598105307947 -0.1794271688812539 0 0 0
0.04 -0.6493048656961438 -0.1285704016352866 -0.7080967657771412 0 0 0
0.04 -0.1202567625419501 0.7685559372271206 0.456604289569242 0 0 0
0.04 0.03542878526981398 0.1250127419480182 -0.0192033439032749 0 0 0
0.04 -0.5654232779356759 0.6968074923832004 -0.1968342807129185 0 0 0
0.04 0.08197824055421084 -0.3461296126926922 -0.6883204438203575 0 0 0
0.04 0.638919916767124 -0.3555184851193421 -0.5396642142625825 0 0 0
0.04 0.1437551784998529 0.4345603666429224 0.7260963636106329 0 0 0
0.04 -0.03534552689424973 -0.266052109778883 0.5174509023863127 0 0 0
0.04 -0.3596931106223227 0.5777760863200651 0.6398763263783773 0 0 0
