250
500
0.005
1.0E-03 5.2131E-03 3.3826E-01 -4.1684E-01 -3.5239E-01 2.0666E-01 6.3292E-01
1.0E-03 3.346E-02 -2.7936E-02 3.1228E-01 3.4289E-02 -7.5063E-01 -2.5976E-01
1.0E-03 1.3173E00 -2.2559E-01 2.6351E-01 7.2055E-02 -2.5264E-01 -1.2522E-01
1.0E-03 4.5599E-01 1.9313E-01 2.288E-01 -3.4287E-01 -8.3888E-01 -1.8617E-01
1.0E-03 -7.0101E-01 4.9999E-01 1.6515E00 1.0955E-01 4.7779E-01 1.0187E-02
1.0E-03 -3.7147E-01 5.8823E-01 -2.0078E-01 -7.6783E-01 4.4655E-01 -4.3489E-02
1.0E-03 4.7737E-02 -3.2497E-01 1.7853E-01 -5.6591E-02 4.3392E-01 2.3843E-01
1.0E-03 -6.5463E-02 -1.4254E-01 5.2167E-01 -5.043E-02 -2.0397E-01 6.3956E-01
1.0E-03 2.2793E-01 -1.5749E-01 2.0381E-01 -1.1594E-01 2.2373E-01 -6.6715E-01
1.0E-03 -6.4083E-01 -3.7523E-01 -4.9902E-01 -1.5611E-02 -5.841E-01 7.278E-02
1.0E-03 -6.9617E-01 2.3095E-01 5.0398E-01 3.2486E-01 -5.8422E-01 5.0764E-01
1.0E-03 5.7692E-02 -1.0863E00 -3.695E-01 1.8897E-01 -9.84E-02 4.1422E-02
1.0E-03 8.3168E-02 7.7292E-01 3.8078E-01 9.8203E-02 7.1901E-01 -8.7912E-02
1.0E-03 -5.4272E-01 2.501E-01 -3.843E-02 5.5145E-02 1.727E-02 2.4381E-01
1.0E-03 -1.3046E-02 -5.7744E-03 2.9795E-01 -4.7701E-01 -3.2021E-02 -1.0204E00
1.0E-03 1.815E-01 -5.8562E-01 -2.0072E-02 2.4717E-01 4.0289E-02 2.0632E-01
1.0E-03 -1.5027E00 5.8936E-01 1.5289E00 2.3413E-01 2.5681E-01 3.5002E-01
1.0E-03 2.5664E00 3.0812E00 1.1654E00 -8.8237E-02 -1.2803E-01 -6.0843E-02
1.0E-03 -4.8441E-02 -2.6107E-01 -3.7467E-01 -3.4094E-01 -4.1414E-01 -5.458E-01
1.0E-03 6.4533E-02 7.1523E-01 -7.5913E-01 -1.2637E-01 -4.9003E-02 1.3797E-01
1.0E-03 -3.8595E-01 1.1949E00 -6.0855E-01 2.6036E-01 1.3262E-01 5.4704E-02
1.0E-03 -3.8241E-01 -2.963E-01 -3.3158E-01 -4.8591E-01 3.7182E-01 2.94E-01
1.0E-03 1.9844E-01 -6.087E-01 -3.5672E-01 4.5913E-02 7.4614E-01 1.2724E-01
1.0E-03 -7.0862E-01 -1.6042E-01 2.0679E-01 2.4734E-02 6.7582E-01 1.6371E-01
1.0E-03 -1.2757E-01 5.0024E-02 -1.608E-01 -2.747E-01 5.7635E-01 9.0635E-02
1.0E-03 1.7984E-01 -4.3352E-01 1.069E00 2.4585E-01 2.6602E-01 8.2539E-01
1.0E-03 -2.0204E-01 -2.7618E-01 -1.8388E-01 -5.6387E-03 1.0364E-01 3.683E-01
1.0E-03 3.7999E-01 -1.9369E-01 -3.2903E-02 -1.7379E-01 -2.4152E-02 -2.4698E-01
1.0E-03 3.159E-01 6.7238E-01 -6.6475E-01 2.1321E-01 -4.8842E-01 2.0114E-01
1.0E-03 3.0514E-02 4.54E-01 -7.1588E-02 3.7496E-01 7.6771E-01 -1.6827E-01
1.0E-03 -2.2214E00 -1.9144E00 -6.7306E-02 1.5082E-01 1.9994E-02 2.2305E-02
1.0E-03 6.9306E-02 9.6863E-02 -7.7478E-02 3.024E-01 -1.0015E00 6.0947E-01
1.0E-03 -6.0882E-01 5.3614E-01 -3.1238E-01 -7.2205E-02 3.7455E-01 -1.5339E-01
1.0E-03 3.4111E-01 4.2001E-02 8.599E-01 8.1353E-01 -3.76E-01 1.5498E-01
1.0E-03 -2.5661E-01 3.5649E-01 -3.5876E-01 -4.5052E-01 2.5148E-01 -1.3048E-01
1.0E-03 -6.1234E-01 2.1947E-01 -1.0956E-02 1.087E-01 2.6116E-01 -6.9444E-01
1.0E-03 5.2427E-01 4.5958E-01 3.4497E-01 -3.6814E-01 7.6233E-02 -2.2037E-01
1.0E-03 -4.0818E-01 2.3909E-01 6.476E-01 -3.0679E-01 1.8421E-01 8.5639E-01
1.0E-03 -3.31E-01 7.7541E-01 4.3485E-01 1.7675E-01 -3.2607E-01 -4.2495E-01
1.0E-03 -1.0914E-02 -1.239E00 1.7567E-01 1.4189E-02 1.3847E-01 -4.3619E-01
1.0E-03 -8.3167E-01 -4.8039E-01 -7.7139E-02 3.9764E-01 -2.745E-01 -2.0449E-01
1.0E-03 -7.0688E-01 -1.8523E-01 6.1838E-01 -4.1664E-01 2.9978E-01 8.2022E-01
1.0E-03 1.6793E-01 -8.1091E-02 3.6743E-01 -1.42E-01 -6.7817E-01 -5.7822E-01
1.0E-03 -4.2578E-01 3.3061E-01 7.2054E-02 5.6991E-01 4.1494E-01 1.8676E-01
1.0E-03 4.1377E00 -5.2378E00 -1.1265E00 9.5617E-02 9.4387E-02 2.1943E-01
1.0E-03 -6.4624E-01 -3.258E-01 -1.7537E-01 3.9263E-01 2.7965E-01 4.2202E-02
1.0E-03 3.5389E-01 -3.1526E-01 2.6787E-03 -1.0889E-01 1.8546E-01 8.2031E-01
1.0E-03 4.3655E-01 -4.5386E-02 6.3517E-01 -1.7351E-01 9.7162E-01 1.5122E-01
1.0E-03 1.3177E00 9.3561E-01 8.406E-02 3.6253E-01 -1.6964E-02 4.2519E-01
1.0E-03 -2.8133E-01 -4.5218E-01 6.2124E-02 -1.4588E-01 -9.7043E-02 -3.2123E-01
1.0E-03 3.3698E-01 -1.4937E-01 3.1525E-01 -8.4064E-01 -3.0591E-01 -2.8904E-01
1.0E-03 -1.7012E-01 -6.2092E-01 -3.1722E-02 -7.8305E-01 7.5136E-01 1.1079E-01
1.0E-03 -1.6786E-01 -4.2784E-02 1.3551E-02 -7.4931E-01 -9.4547E-01 -4.5101E-01
1.0E-03 2.0988E-01 4.5778E-02 2.5903E-01 -2.5354E-01 -4.7768E-01 -1.139E-01
1.0E-03 -1.1402E-01 -7.8936E-01 -6.1346E-01 2.1086E-01 -1.1823E-02 -2.2056E-01
1.0E-03 -1.0921E-01 -3.6553E-01 -1.7789E-01 7.3206E-01 1.5105E-01 6.2661E-01
1.0E-03 2.2241E-01 -1.0117E00 -3.421E-01 6.096E-01 -1.6147E-01 -6.7595E-01
1.0E-03 -1.109E00 -7.587E-01 1.8447E-01 3.7389E-01 2.9322E-02 3.8962E-01
1.0E-03 1.1432E00 9.3992E-01 -3.7919E-01 -5.6544E-01 -5.8553E-02 6.667E-02
1.0E-03 -4.2938E-03 -4.7963E-01 6.9586E-01 6.1207E-01 -8.8545E-01 -3.9868E-03
1.0E-03 -2.3027E00 -5.5941E-01 4.3993E-01 4.5663E-01 2.1307E-01 1.0353E-01
1.0E-03 4.4489E-01 2.8165E-01 -2.6455E-01 2.5277E-01 4.4234E-01 -6.4434E-01
1.0E-03 8.0426E-02 4.1212E-01 -3.0512E-01 -3.8987E-01 7.0047E-01 -4.8966E-01
1.0E-03 -3.9432E00 -1.4867E-01 3.3698E00 -9.5532E-02 2.201E-01 -9.5177E-02
1.0E-03 -3.632E-01 1.1425E00 -1.6753E00 2.479E-02 6.0778E-01 4.1643E-01
1.0E-03 -1.0758E00 -2.5771E00 2.0644E-02 1.3871E-01 2.2859E-02 -2.6074E-01
1.0E-03 -1.6632E-01 2.8624E-01 1.5564E00 -3.9997E-01 -1.9076E-01 -2.7789E-01
1.0E-03 -4.2827E-01 -2.5591E-01 1.412E-01 -4.3229E-01 -6.2859E-01 -3.5553E-01
1.0E-03 -1.8402E-01 -1.3208E-01 -1.9235E-01 1.201E-01 1.4869E-01 -8.4517E-02
1.0E-03 -6.9632E-01 5.747E-01 -2.7337E-01 -4.0628E-01 1.4911E-01 -4.9249E-01
1.0E-03 2.1675E00 -1.5482E00 9.0404E-01 1.161E-01 -7.7911E-03 -3.1961E-01
1.0E-03 -2.8704E00 -4.2438E00 -8.4404E00 1.6123E-01 -1.4272E-01 1.0175E-01
1.0E-03 2.5163E-01 -1.4184E-01 2.4714E-01 -2.5451E-01 -3.0909E-01 3.6017E-01
1.0E-03 2.4743E-01 -7.666E-01 7.3956E-01 -4.0443E-01 -7.3822E-01 1.2412E-01
1.0E-03 9.4649E-01 -1.0829E00 -2.2021E-02 -2.0114E-01 1.0378E-01 2.2216E-02
1.0E-03 9.4887E-02 -1.5765E-01 -2.0135E-01 -3.724E-01 5.6314E-01 1.0418E00
1.0E-03 -3.4759E-01 4.4646E-01 3.212E-01 -1.6176E-01 -1.904E-01 -9.2557E-02
1.0E-03 2.2033E-01 -8.1758E-01 1.3103E-01 -1.4736E-01 1.1659E-01 2.2962E-01
1.0E-03 -1.0722E00 -9.1228E-01 4.9107E-01 6.4948E-01 3.7155E-02 2.7112E-01
1.0E-03 7.5286E-01 5.2667E00 1.8684E00 -1.3161E-02 1.5633E-01 8.3161E-02
1.0E-03 2.7671E-01 -3.219E-01 -4.1219E-02 -7.2655E-02 -3.5584E-01 -6.6262E-01
1.0E-03 4.8454E-02 -2.2445E-01 1.8405E-01 1.8416E-01 -6.6179E-01 -3.8647E-01
1.0E-03 -6.177E-02 -1.4694E-01 4.5264E-01 -6.8542E-01 -4.7145E-01 -8.5914E-02
1.0E-03 4.8418E-02 9.5124E-02 -4.589E-01 -3.7997E-01 9.5731E-01 -4.1649E-01
1.0E-03 -2.7729E-01 7.0619E-01 2.9322E-01 1.1103E-01 3.1732E-01 8.0978E-02
1.0E-03 -3.9346E-02 -7.5143E-01 -6.3753E-02 -2.3449E-02 3.5703E-01 -5.998E-02
1.0E-03 -1.2036E-01 -9.6754E-01 1.4916E-02 -7.6453E-01 4.7076E-02 -3.7313E-01
1.0E-03 4.8879E-01 1.9039E-03 8.9768E-02 -4.9277E-01 -4.8064E-01 5.5532E-01
1.0E-03 6.6521E-01 2.8814E-01 8.7154E-01 -2.4264E-01 -4.8109E-01 9.0296E-01
1.0E-03 3.8507E-02 -4.5398E-02 -6.3451E-01 6.8867E-02 7.2566E-01 -1.2672E-01
1.0E-03 -1.0514E00 -1.3587E00 -7.8178E-01 3.0039E-01 7.8676E-02 -2.7905E-01
1.0E-03 -7.6013E-01 7.0371E-01 -1.06E00 5.7871E-02 8.2302E-02 -3.3546E-02
1.0E-03 -8.4789E-01 -4.9881E00 2.8512E00 -2.0261E-02 2.6238E-01 -2.0378E-01
1.0E-03 -5.4032E-01 -1.8793E-02 1.8263E-01 -2.071E-01 1.0901E-01 9.1625E-01
1.0E-03 -5.31E-02 1.9664E-01 2.8117E-02 -1.2204E00 -3.3408E-01 -3.0001E-01
1.0E-03 3.3028E-01 1.1843E00 -1.2692E-02 1.033E-01 8.7062E-02 -1.5114E-01
1.0E-03 -1.1895E-01 -2.3475E00 2.1159E-01 -2.0471E-01 1.4363E-01 3.4148E-01
1.0E-03 -1.1569E-02 -2.9202E-01 2.1398E-02 -1.7859E-01 -6.0929E-01 -1.5571E-02
1.0E-03 -4.7873E-01 7.2552E-01 1.2816E00 -1.902E-01 1.4782E-01 -2.03E-01
1.0E-03 -1.7872E-02 3.0988E-01 7.9348E-01 4.1187E-01 -1.3324E-01 3.531E-01
1.0E-03 -1.1784E00 -7.7507E-01 7.9893E-01 2.4197E-01 5.0608E-02 -4.1766E-01
1.0E-03 5.7042E-01 -1.8774E00 1.4039E00 1.4472E-02 5.1562E-02 1.0263E-01
1.0E-03 -3.3212E-01 -4.7867E-01 -6.383E-01 2.2415E-01 5.0652E-01 -7.5016E-01
1.0E-03 3.2973E-02 3.6193E-02 4.32E-01 2.307E-02 -8.8746E-02 -5.0518E-01
1.0E-03 2.1862E-01 -1.2349E00 2.2393E-01 -3.8822E-02 -5.7289E-01 7.3049E-03
1.0E-03 2.5672E00 3.4242E00 -1.2614E00 6.9816E-02 -2.7931E-01 1.6982E-02
1.0E-03 -1.0494E-01 -2.1779E-01 -1.4009E-01 7.9575E-02 -4.8928E-01 -4.5007E-01
1.0E-03 1.6845E00 -6.0406E-01 -1.0372E00 -1.0697E-01 -8.5448E-02 -4.3637E-01
1.0E-03 1.611E-02 1.8734E-02 5.179E-01 -6.5987E-01 1.8723E-01 -1.1265E-01
1.0E-03 3.8608E00 3.411E00 2.089E00 -3.2008E-02 2.1014E-01 -2.5409E-01
1.0E-03 2.9876E-01 -8.1418E00 2.0542E00 1.3153E-01 -1.3137E-01 -2.3629E-01
1.0E-03 -3.5232E-01 -4.5784E-02 -1.2659E-01 -2.2424E-02 9.683E-01 2.9938E-01
1.0E-03 -9.2333E-02 1.9612E-01 2.5979E-01 3.5925E-01 -3.7009E-01 4.2104E-01
1.0E-03 6.3039E-02 -2.8646E-01 4.1947E-01 7.3087E-01 3.561E-01 2.6629E-02
1.0E-03 3.3941E-01 -3.5801E-01 -1.7648E-01 2.0841E-01 -7.8318E-01 1.6801E-01
1.0E-03 4.3867E-01 -1.2857E-02 1.8219E-01 -3.2368E-01 -5.147E-01 1.3263E-01
1.0E-03 4.5096E-01 -2.6218E00 -1.1704E00 4.2538E-01 -1.9932E-01 -1.7412E-01
1.0E-03 -2.8032E-01 3.3716E-01 9.2127E-03 -9.4536E-02 5.2272E-01 5.25E-01
1.0E-03 -4.6052E-01 -1.4197E-01 1.6966E-01 -6.2356E-01 4.7443E-01 3.5536E-01
1.0E-03 -1.7563E-01 4.3476E-01 -6.1104E-02 1.3988E-01 -5.7163E-01 -7.0884E-01
1.0E-03 -3.8139E-01 1.4071E-02 5.2003E-01 -6.9372E-01 7.5132E-02 5.2747E-01
1.0E-03 -2.1857E00 -2.8136E00 4.8093E-01 1.8814E-01 4.0974E-02 5.1497E-03
1.0E-03 -5.2277E-02 2.9355E-04 -2.0352E-01 1.7123E-01 -2.7247E-01 2.8928E-01
1.0E-03 2.4284E-01 2.9659E-01 -2.5298E-01 -1.0456E-01 1.7701E-01 -7.6073E-01
1.0E-03 -9.0734E-02 1.818E-02 4.3514E-01 2.4635E-01 -1.3033E-01 1.8622E-01
1.0E-03 -2.1087E-02 -1.3761E-01 -2.4627E-01 -1.696E-01 -3.9167E-01 -7.411E-01
1.0E-03 -1.8101E-01 4.4186E-01 1.593E-01 2.7009E-01 -7.1296E-02 2.1927E-01
1.0E-03 -3.968E-01 -8.37E-01 1.6974E00 -5.7968E-01 3.3042E-01 -4.0496E-02
1.0E-03 2.6372E-01 -3.1192E-01 5.352E-02 3.5407E-01 -4.0399E-01 1.8073E-02
1.0E-03 5.4021E-01 9.7243E-02 -6.8635E-02 -1.1869E-01 -4.1125E-01 8.5704E-01
1.0E-03 -7.3258E-02 1.2475E-01 1.9564E-01 4.5094E-01 -5.2979E-01 4.5614E-01
1.0E-03 -1.4412E-01 2.5851E-02 -1.2779E-01 1.3867E-01 3.5944E-01 -8.1636E-02
1.0E-03 -4.2484E-01 -2.8126E-01 -7.9047E-01 -1.294E-01 3.8608E-01 -4.5249E-01
1.0E-03 -2.4151E-01 1.2883E00 -4.4739E00 8.1118E-02 -2.3193E-01 4.4064E-02
1.0E-03 -2.5004E-01 5.1946E-01 -2.6597E-01 3.6201E-02 6.0198E-01 -4.8066E-01
1.0E-03 -2.0891E-02 -1.9987E00 -1.5815E-01 3.7765E-01 -9.965E-02 4.1943E-01
1.0E-03 8.678E-02 4.4707E-02 9.9902E-02 -8.2472E-01 8.1416E-01 -6.7975E-01
1.0E-03 7.1426E-02 -2.5048E-01 1.0837E00 -1.7922E-01 -2.9544E-01 -5.8427E-02
1.0E-03 2.4538E-01 3.2122E-01 -4.3948E-01 3.5794E-01 -6.3365E-01 -6.9972E-01
1.0E-03 9.1373E-02 -3.3597E-01 8.3942E-02 3.3274E-01 1.0605E00 -5.2921E-01
1.0E-03 9.2737E-01 -1.3276E00 1.8127E00 -6.2926E-02 -3.8662E-01 -1.2631E-01
1.0E-03 -2.7395E-01 -4.5332E-01 9.4034E-02 -8.3512E-01 7.1529E-02 4.7024E-01
1.0E-03 7.166E-01 7.6851E-01 -2.1141E-01 -3.2678E-01 -2.9093E-01 -2.9456E-01
1.0E-03 1.1177E00 -3.7819E-01 -2.5873E-01 1.2771E-01 -5.3788E-01 -6.5873E-01
1.0E-03 -1.1693E-01 -5.4088E-01 -6.4016E-02 -1.2766E-01 -2.9922E-02 -7.3914E-02
1.0E-03 2.4178E-01 1.9025E-01 -7.2832E-01 -3.9325E-02 4.5261E-01 -7.0927E-01
1.0E-03 1.4308E-01 1.5772E-01 7.2743E-01 -7.9314E-01 -2.7433E-01 -1.5225E-01
1.0E-03 1.4965E00 5.9631E00 1.5745E-01 -8.8136E-02 -8.8267E-02 8.7549E-02
1.0E-03 -1.4851E-01 -2.9219E-01 6.1955E-01 -3.4923E-01 -4.8571E-01 -3.9128E-02
1.0E-03 8.8645E-01 -6.833E-01 -8.0088E-01 -7.0546E-03 -2.4289E-01 1.7939E-01
1.0E-03 3.0681E-01 -6.0913E-01 5.705E-01 1.2693E-01 -1.2796E-01 3.6592E-01
1.0E-03 2.3133E-01 -2.9213E-01 3.0675E-01 -4.797E-01 -8.7163E-01 3.876E-01
1.0E-03 1.0522E00 -4.1614E-01 4.7523E-01 -4.5076E-01 1.0092E-01 5.4553E-01
1.0E-03 4.5242E-01 -7.4104E-01 -7.2606E-01 4.4501E-02 -2.7572E-02 4.0475E-01
1.0E-03 3.2168E-01 7.9668E-01 4.1826E-02 -1.0353E-01 1.9416E-01 1.4821E-01
1.0E-03 -2.4661E-01 5.2285E-01 1.2435E00 -6.3855E-01 -3.3473E-01 -2.6278E-01
1.0E-03 2.2481E-01 5.7568E-01 -2.6778E-01 -1.4472E-01 -3.317E-01 -5.321E-01
1.0E-03 -1.0639E-01 2.0113E-01 1.2041E-01 3.0357E-01 -4.7134E-03 5.6399E-01
1.0E-03 2.2951E-01 -2.8835E-03 -1.1908E-01 1.3434E-01 2.3803E-01 9.7999E-01
1.0E-03 -4.8905E-01 6.9771E-02 -3.0257E-01 -1.5018E-01 2.5243E-02 -5.0946E-02
1.0E-03 4.3068E-02 6.1969E-01 -5.2451E-01 5.0901E-01 4.218E-01 -1.52E-02
1.0E-03 -1.2814E00 6.7468E-01 -7.3091E-01 -1.7663E-01 1.2303E-02 -9.7643E-02
1.0E-03 5.9319E-01 -1.3502E01 -4.0434E00 2.1456E-01 -5.745E-02 -2.967E-02
1.0E-03 -9.0223E-01 3.4305E-01 -3.5889E-01 3.5781E-01 -2.0258E-01 -1.7041E-01
1.0E-03 2.2591E00 4.6486E-01 3.9965E-01 2.6291E-01 1.2851E-02 -6.6661E-02
1.0E-03 2.251E-01 3.8875E-01 -1.2584E-01 3.9666E-01 2.5565E-01 4.2119E-01
1.0E-03 1.9962E-02 5.6158E-01 -4.0057E-01 -8.9903E-01 -6.0834E-01 -5.9822E-01
1.0E-03 -4.1867E-01 1.4273E-01 -1.3516E-02 4.4458E-01 -5.9388E-01 -2.2118E-01
1.0E-03 -9.2155E-01 -1.2604E00 1.158E00 -4.8601E-02 -2.078E-01 7.2916E-01
1.0E-03 -5.8778E-01 6.3826E-02 -2.7682E-03 5.9084E-01 -3.5939E-02 -5.0266E-01
1.0E-03 -7.8223E-01 -2.2717E-01 1.0345E-01 -1.4284E-03 -6.5036E-01 -1.6645E-01
1.0E-03 3.4309E-01 1.7973E-01 -1.9492E-01 -8.4045E-01 3.2333E-01 2.1126E-01
1.0E-03 -5.7197E-02 5.5628E-01 -6.5728E-01 -8.9449E-01 -3.3004E-01 -9.4365E-02
1.0E-03 -1.4457E-01 2.1853E-01 5.3815E-02 -1.0431E-01 6.1319E-01 -3.4242E-01
1.0E-03 -3.0847E-01 -6.7053E-01 -4.2949E-01 3.0689E-01 4.7146E-01 -1.0733E-01
1.0E-03 3.8811E-01 9.595E-02 -2.9874E-01 -2.191E-01 -6.5107E-01 -1.8943E-01
1.0E-03 1.1399E-01 7.5166E-02 -1.1494E00 1.2635E-01 -1.6051E-01 -3.3819E-01
1.0E-03 2.4704E00 3.0356E00 -2.3242E00 1.6755E-01 4.3832E-01 1.2709E-01
1.0E-03 6.1287E-01 8.0891E-01 -1.0487E-01 2.7374E-01 -6.1681E-01 -2.4077E-01
1.0E-03 -5.942E-01 7.8704E-01 1.1349E00 -4.2585E-02 1.9597E-01 8.1625E-01
1.0E-03 8.0649E-01 9.8956E-01 -1.0807E00 -5.2182E-01 1.0571E-01 -1.212E-01
1.0E-03 1.0053E-01 9.4871E-03 -1.9358E-01 -2.6888E-02 9.4197E-01 5.026E-01
1.0E-03 1.6372E00 -2.2582E-01 8.8927E-01 3.2382E-01 -1.4292E-01 -1.8063E-01
1.0E-03 -2.4883E-02 -4.3198E-01 2.1104E-01 4.4144E-02 3.9937E-01 -1.7307E-02
1.0E-03 4.6706E-01 -2.675E-01 9.2623E-01 -4.355E-01 2.1859E-01 -6.2639E-01
1.0E-03 -7.241E-02 -6.167E-02 1.5839E-01 -6.0693E-01 7.8943E-01 4.2401E-03
1.0E-03 -4.4753E-01 -8.5538E-02 6.4521E-02 -4.9654E-01 3.441E-01 -7.8714E-01
1.0E-03 -8.1062E-03 -5.2873E-01 -6.3243E-03 -8.0148E-01 -3.0618E-01 -8.3775E-01
1.0E-03 -1.4329E00 2.6127E-02 6.8157E00 1.0173E-03 7.9629E-02 -1.6716E-01
1.0E-03 2.6686E-01 2.1697E-01 6.7665E-01 9.6724E-01 -5.5646E-01 -2.4356E-01
1.0E-03 1.994E-01 1.4665E-01 -1.5611E-02 -8.3554E-03 -1.1371E00 -2.281E-01
1.0E-03 -1.1175E00 6.4619E-01 1.7291E-01 5.0885E-01 1.8582E-01 8.0109E-02
1.0E-03 -2.1507E-01 3.8285E-01 5.9788E-01 -4.4243E-01 1.2077E-01 4.7536E-01
1.0E-03 5.8252E-01 -6.5625E-01 -1.9952E-03 7.7846E-02 -2.5884E-01 -1.3186E-01
1.0E-03 -3.5589E-01 4.5978E-01 -2.1592E-01 4.4633E-01 3.4747E-01 3.2961E-01
1.0E-03 -8.5889E-02 -9.9977E-03 4.1188E-01 -8.1411E-01 2.0433E-01 3.7242E-01
1.0E-03 4.174E-02 2.1746E-01 -1.4174E-01 -3.696E-01 3.4139E-01 -3.2242E-01
1.0E-03 1.187E-01 7.0566E-01 -1.2142E00 -2.3891E-01 5.8795E-01 -5.826E-02
1.0E-03 4.502E-01 6.1775E-01 8.8398E-01 -9.028E-01 -1.7702E-01 3.337E-01
1.0E-03 -1.3758E-01 1.9124E-01 6.4907E-01 -2.884E-01 7.0651E-01 -2.7675E-01
1.0E-03 5.9145E-01 2.1203E-02 -3.5413E-01 1.4167E-01 -1.7211E-01 -2.4791E-01
1.0E-03 1.9315E-04 -4.9252E-02 2.6748E-01 -2.2472E-01 -7.5676E-01 -6.0747E-01
1.0E-03 4.3936E-01 -2.8094E-01 -4.5588E-01 -9.0821E-01 -3.0394E-01 2.8274E-01
1.0E-03 6.98E-01 -4.5875E-01 -7.91E-01 -8.8495E-03 -1.4335E-01 -3.5673E-01
1.0E-03 -1.9882E-01 1.6028E-01 4.0527E-02 -8.4938E-02 -2.7684E-01 5.0552E-01
1.0E-03 -2.9931E-01 -7.6066E-02 1.0877E-01 -1.7184E-01 -1.2103E-01 -1.1789E-01
1.0E-03 -5.6765E-01 2.8279E-01 2.218E-01 -1.2551E00 -3.4106E-02 2.4945E-02
1.0E-03 -2.116E00 -3.785E-01 7.947E-01 -9.0343E-02 -2.0806E-04 3.8321E-01
1.0E-03 1.2645E00 -9.589E-01 5.4478E-01 2.3615E-01 2.7456E-01 -5.6722E-01
1.0E-03 7.6899E-02 9.574E-02 2.1576E-01 -5.9337E-01 -2.3478E-02 -4.055E-01
1.0E-03 -2.3208E-01 -3.0059E-01 1.8286E-01 -6.5457E-01 -3.6237E-01 2.5253E-01
1.0E-03 4.5376E-01 6.0978E-01 3.2238E-01 -5.6837E-02 1.9667E-01 6.9149E-01
1.0E-03 -1.5591E-01 -2.6573E-01 2.3703E-01 -7.2067E-01 -4.0991E-02 6.8876E-03
1.0E-03 1.9086E-01 -1.1066E-01 6.3472E-01 -2.5561E-01 3.0647E-01 -2.2186E-01
1.0E-03 2.5682E-01 -2.9286E-01 4.8132E-01 -5.7614E-01 -7.3264E-01 -3.8314E-01
1.0E-03 6.7117E-01 -3.7192E-01 -1.5405E-01 2.3791E-01 3.9387E-01 -2.4454E-01
1.0E-03 2.5108E-01 -1.7663E00 -1.0564E00 -4.4831E-01 -2.5994E-01 -3.6246E-01
1.0E-03 6.0111E-02 -1.3191E-01 4.0493E-01 4.4891E-01 -2.3289E-01 2.6526E-01
1.0E-03 6.8843E-01 -1.6973E-01 1.8121E-01 4.1505E-01 -3.5791E-01 4.5752E-02
1.0E-03 6.6011E-01 -2.58E-01 3.8742E-01 1.887E-02 -2.0385E-02 2.9989E-01
1.0E-03 -2.1016E-01 4.7178E-01 -1.9676E-01 -3.2439E-01 -2.6494E-01 -5.0E-01
1.0E-03 -1.089E-01 1.1886E-01 -4.9967E-01 4.159E-03 3.3202E-01 -1.6773E-01
1.0E-03 9.5591E-01 1.8244E-01 5.2111E-01 3.991E-02 -1.7192E-01 2.7415E-01
1.0E-03 1.6524E00 2.9152E-01 4.9013E-02 8.0868E-02 -3.443E-02 -9.605E-02
1.0E-03 -2.8766E00 4.9035E00 -3.5038E-01 1.5063E-01 -1.7223E-01 -9.2403E-02
1.0E-03 -4.7377E-01 -2.2779E-01 -2.7246E-01 -2.492E-01 -2.5601E-01 1.5923E-01
1.0E-03 -5.3774E-01 5.0729E-01 -2.1228E-01 -3.6626E-01 2.0715E-01 -8.5362E-03
1.0E-03 3.1308E-01 1.6014E00 4.7021E-01 9.3386E-02 2.561E-01 -9.5494E-02
1.0E-03 2.4391E-02 -8.3737E-01 3.0491E-02 6.2856E-01 -2.6586E-01 -1.3068E-01
1.0E-03 3.8422E-01 5.6109E-01 -6.3882E-02 -1.2306E-01 -5.4013E-01 5.9219E-01
1.0E-03 -1.0847E00 5.3404E-01 -3.376E-01 5.8333E-01 6.7257E-02 1.5826E-01
1.0E-03 3.0702E00 5.3777E-01 2.4721E-01 -4.1332E-01 2.8516E-01 -1.0326E-01
1.0E-03 4.0651E-01 7.5036E-01 6.3576E-01 5.2238E-02 -5.9117E-01 -2.5986E-01
1.0E-03 -1.9834E-01 -5.7971E-01 3.7094E-02 7.0699E-01 7.1939E-01 9.3957E-02
1.0E-03 4.0765E00 -2.6326E00 -2.991E00 -2.4381E-01 5.722E-02 2.1797E-01
1.0E-03 5.6663E-01 -6.0404E-01 4.4162E-01 -1.8805E-01 -1.7979E-01 1.5269E-01
1.0E-03 9.0633E-01 -1.2276E00 -9.3472E-01 -6.6907E-02 -2.9662E-01 1.9171E-01
1.0E-03 5.5524E-02 8.4337E-02 7.3062E-02 -4.5649E-01 7.9313E-02 -1.7933E-01
1.0E-03 1.4316E00 1.3613E00 1.0705E00 4.1333E-02 -1.6223E-01 -5.305E-01
1.0E-03 -1.3382E00 9.2485E-01 1.4266E00 -4.2471E-01 4.8744E-02 -6.5598E-02
1.0E-03 1.218E-01 -3.9657E-01 -5.6345E-01 -8.0963E-01 -6.2812E-02 4.721E-01
1.0E-03 -1.8381E-01 1.5759E-01 -3.0439E-01 7.385E-01 2.6197E-01 -3.3232E-01
1.0E-03 -4.8213E-02 2.0941E00 -1.3289E00 -5.9083E-03 2.1611E-01 -2.0604E-01
1.0E-03 1.9972E-01 4.435E-01 -1.0622E-01 -5.9013E-02 3.0274E-01 -6.6678E-01
1.0E-03 6.3204E-02 9.0393E-02 3.898E-01 -3.1172E-01 -2.0589E-02 9.142E-02
1.0E-03 -2.9776E-01 1.2382E-01 -6.5396E-01 -3.2882E-01 -2.3861E-01 2.279E-01
1.0E-03 -4.3708E-01 7.9847E-02 3.8372E-01 2.539E-01 -6.8336E-01 -1.7068E-01
1.0E-03 2.0024E-01 2.6006E-01 3.45E-01 2.5983E-03 -2.671E-01 -3.9956E-01
1.0E-03 -1.5184E-01 3.1516E-01 -5.1445E-01 4.4868E-02 -3.0372E-01 -2.0481E-01
1.0E-03 7.959E-01 -3.4332E-01 6.2162E-01 3.0959E-01 7.1471E-01 -4.9174E-01
