1000
25
0.025
0.05
0.5
1.0E-03 5.2131E-03 3.3826E-01 -4.1684E-01 -3.5239E-01 2.0666E-01 6.3292E-01
1.0E-03 3.346E-02 -2.7936E-02 3.1228E-01 3.4289E-02 -7.5063E-01 -2.5976E-01
1.0E-03 1.3173E00 -2.2559E-01 2.6351E-01 7.2055E-02 -2.5264E-01 -1.2522E-01
1.0E-03 4.5599E-01 1.9313E-01 2.288E-01 -3.4287E-01 -8.3888E-01 -1.8617E-01
1.0E-03 -7.0101E-01 4.9999E-01 1.6515E00 1.0955E-01 4.7779E-01 1.0187E-02
1.0E-03 -3.7147E-01 5.8823E-01 -2.0078E-01 -7.6783E-01 4.4655E-01 -4.3489E-02
1.0E-03 4.7737E-02 -3.2497E-01 1.7853E-01 -5.6591E-02 4.3392E-01 2.3843E-01
1.0E-03 -6.5463E-02 -1.4254E-01 5.2167E-01 -5.043E-02 -2.0397E-01 6.3956E-01
1.0E-03 2.2793E-01 -1.5749E-01 2.0381E-01 -1.1594E-01 2.2373E-01 -6.6715E-01
1.0E-03 -6.4083E-01 -3.7523E-01 -4.9902E-01 -1.5611E-02 -5.841E-01 7.278E-02
1.0E-03 -6.9617E-01 2.3095E-01 5.0398E-01 3.2486E-01 -5.8422E-01 5.0764E-01
1.0E-03 5.7692E-02 -1.0863E00 -3.695E-01 1.8897E-01 -9.84E-02 4.1422E-02
1.0E-03 8.3168E-02 7.7292E-01 3.8078E-01 9.8203E-02 7.1901E-01 -8.7912E-02
1.0E-03 -5.4272E-01 2.501E-01 -3.843E-02 5.5145E-02 1.727E-02 2.4381E-01
1.0E-03 -1.3046E-02 -5.7744E-03 2.9795E-01 -4.7701E-01 -3.2021E-02 -1.0204E00
1.0E-03 1.815E-01 -5.8562E-01 -2.0072E-02 2.4717E-01 4.0289E-02 2.0632E-01
1.0E-03 -1.5027E00 5.8936E-01 1.5289E00 2.3413E-01 2.5681E-01 3.5002E-01
1.0E-03 2.5664E00 3.0812E00 1.1654E00 -8.8237E-02 -1.2803E-01 -6.0843E-02
1.0E-03 -4.8441E-02 -2.6107E-01 -3.7467E-01 -3.4094E-01 -4.1414E-01 -5.458E-01
1.0E-03 6.4533E-02 7.1523E-01 -7.5913E-01 -1.2637E-01 -4.9003E-02 1.3797E-01
1.0E-03 -3.8595E-01 1.1949E00 -6.0855E-01 2.6036E-01 1.3262E-01 5.4704E-02
1.0E-03 -3.8241E-01 -2.963E-01 -3.3158E-01 -4.8591E-01 3.7182E-01 2.94E-01
1.0E-03 1.9844E-01 -6.087E-01 -3.5672E-01 4.5913E-02 7.4614E-01 1.2724E-01
1.0E-03 -7.0862E-01 -1.6042E-01 2.0679E-01 2.4734E-02 6.7582E-01 1.6371E-01
1.0E-03 -1.2757E-01 5.0024E-02 -1.608E-01 -2.747E-01 5.7635E-01 9.0635E-02
1.0E-03 1.7984E-01 -4.3352E-01 1.069E00 2.4585E-01 2.6602E-01 8.2539E-01
1.0E-03 -2.0204E-01 -2.7618E-01 -1.8388E-01 -5.6387E-03 1.0364E-01 3.683E-01
1.0E-03 3.7999E-01 -1.9369E-01 -3.2903E-02 -1.7379E-01 -2.4152E-02 -2.4698E-01
1.0E-03 3.159E-01 6.7238E-01 -6.6475E-01 2.1321E-01 -4.8842E-01 2.0114E-01
1.0E-03 3.0514E-02 4.54E-01 -7.1588E-02 3.7496E-01 7.6771E-01 -1.6827E-01
1.0E-03 -2.2214E00 -1.9144E00 -6.7306E-02 1.5082E-01 1.9994E-02 2.2305E-02
1.0E-03 6.9306E-02 9.6863E-02 -7.7478E-02 3.024E-01 -1.0015E00 6.0947E-01
1.0E-03 -6.0882E-01 5.3614E-01 -3.1238E-01 -7.2205E-02 3.7455E-01 -1.5339E-01
1.0E-03 3.4111E-01 4.2001E-02 8.599E-01 8.1353E-01 -3.76E-01 1.5498E-01
1.0E-03 -2.5661E-01 3.5649E-01 -3.5876E-01 -4.5052E-01 2.5148E-01 -1.3048E-01
1.0E-03 -6.1234E-01 2.1947E-01 -1.0956E-02 1.087E-01 2.6116E-01 -6.9444E-01
1.0E-03 5.2427E-01 4.5958E-01 3.4497E-01 -3.6814E-01 7.6233E-02 -2.2037E-01
1.0E-03 -4.0818E-01 2.3909E-01 6.476E-01 -3.0679E-01 1.8421E-01 8.5639E-01
1.0E-03 -3.31E-01 7.7541E-01 4.3485E-01 1.7675E-01 -3.2607E-01 -4.2495E-01
1.0E-03 -1.0914E-02 -1.239E00 1.7567E-01 1.4189E-02 1.3847E-01 -4.3619E-01
1.0E-03 -8.3167E-01 -4.8039E-01 -7.7139E-02 3.9764E-01 -2.745E-01 -2.0449E-01
1.0E-03 -7.0688E-01 -1.8523E-01 6.1838E-01 -4.1664E-01 2.9978E-01 8.2022E-01
1.0E-03 1.6793E-01 -8.1091E-02 3.6743E-01 -1.42E-01 -6.7817E-01 -5.7822E-01
1.0E-03 -4.2578E-01 3.3061E-01 7.2054E-02 5.6991E-01 4.1494E-01 1.8676E-01
1.0E-03 4.1377E00 -5.2378E00 -1.1265E00 9.5617E-02 9.4387E-02 2.1943E-01
1.0E-03 -6.4624E-01 -3.258E-01 -1.7537E-01 3.9263E-01 2.7965E-01 4.2202E-02
1.0E-03 3.5389E-01 -3.1526E-01 2.6787E-03 -1.0889E-01 1.8546E-01 8.2031E-01
1.0E-03 4.3655E-01 -4.5386E-02 6.3517E-01 -1.7351E-01 9.7162E-01 1.5122E-01
1.0E-03 1.3177E00 9.3561E-01 8.406E-02 3.6253E-01 -1.6964E-02 4.2519E-01
1.0E-03 -2.8133E-01 -4.5218E-01 6.2124E-02 -1.4588E-01 -9.7043E-02 -3.2123E-01
1.0E-03 3.3698E-01 -1.4937E-01 3.1525E-01 -8.4064E-01 -3.0591E-01 -2.8904E-01
1.0E-03 -1.7012E-01 -6.2092E-01 -3.1722E-02 -7.8305E-01 7.5136E-01 1.1079E-01
1.0E-03 -1.6786E-01 -4.2784E-02 1.3551E-02 -7.4931E-01 -9.4547E-01 -4.5101E-01
1.0E-03 2.0988E-01 4.5778E-02 2.5903E-01 -2.5354E-01 -4.7768E-01 -1.139E-01
1.0E-03 -1.1402E-01 -7.8936E-01 -6.1346E-01 2.1086E-01 -1.1823E-02 -2.2056E-01
1.0E-03 -1.0921E-01 -3.6553E-01 -1.7789E-01 7.3206E-01 1.5105E-01 6.2661E-01
1.0E-03 2.2241E-01 -1.0117E00 -3.421E-01 6.096E-01 -1.6147E-01 -6.7595E-01
1.0E-03 -1.109E00 -7.587E-01 1.8447E-01 3.7389E-01 2.9322E-02 3.8962E-01
1.0E-03 1.1432E00 9.3992E-01 -3.7919E-01 -5.6544E-01 -5.8553E-02 6.667E-02
1.0E-03 -4.2938E-03 -4.7963E-01 6.9586E-01 6.1207E-01 -8.8545E-01 -3.9868E-03
1.0E-03 -2.3027E00 -5.5941E-01 4.3993E-01 4.5663E-01 2.1307E-01 1.0353E-01
1.0E-03 4.4489E-01 2.8165E-01 -2.6455E-01 2.5277E-01 4.4234E-01 -6.4434E-01
1.0E-03 8.0426E-02 4.1212E-01 -3.0512E-01 -3.8987E-01 7.0047E-01 -4.8966E-01
1.0E-03 -3.9432E00 -1.4867E-01 3.3698E00 -9.5532E-02 2.201E-01 -9.5177E-02
1.0E-03 -3.632E-01 1.1425E00 -1.6753E00 2.479E-02 6.0778E-01 4.1643E-01
1.0E-03 -1.0758E00 -2.5771E00 2.0644E-02 1.3871E-01 2.2859E-02 -2.6074E-01
1.0E-03 -1.6632E-01 2.8624E-01 1.5564E00 -3.9997E-01 -1.9076E-01 -2.7789E-01
1.0E-03 -4.2827E-01 -2.5591E-01 1.412E-01 -4.3229E-01 -6.2859E-01 -3.5553E-01
1.0E-03 -1.8402E-01 -1.3208E-01 -1.9235E-01 1.201E-01 1.4869E-01 -8.4517E-02
1.0E-03 -6.9632E-01 5.747E-01 -2.7337E-01 -4.0628E-01 1.4911E-01 -4.9249E-01
1.0E-03 2.1675E00 -1.5482E00 9.0404E-01 1.161E-01 -7.7911E-03 -3.1961E-01
1.0E-03 -2.8704E00 -4.2438E00 -8.4404E00 1.6123E-01 -1.4272E-01 1.0175E-01
1.0E-03 2.5163E-01 -1.4184E-01 2.4714E-01 -2.5451E-01 -3.0909E-01 3.6017E-01
1.0E-03 2.4743E-01 -7.666E-01 7.3956E-01 -4.0443E-01 -7.3822E-01 1.2412E-01
1.0E-03 9.4649E-01 -1.0829E00 -2.2021E-02 -2.0114E-01 1.0378E-01 2.2216E-02
1.0E-03 9.4887E-02 -1.5765E-01 -2.0135E-01 -3.724E-01 5.6314E-01 1.0418E00
1.0E-03 -3.4759E-01 4.4646E-01 3.212E-01 -1.6176E-01 -1.904E-01 -9.2557E-02
1.0E-03 2.2033E-01 -8.1758E-01 1.3103E-01 -1.4736E-01 1.1659E-01 2.2962E-01
1.0E-03 -1.0722E00 -9.1228E-01 4.9107E-01 6.4948E-01 3.7155E-02 2.7112E-01
1.0E-03 7.5286E-01 5.2667E00 1.8684E00 -1.3161E-02 1.5633E-01 8.3161E-02
1.0E-03 2.7671E-01 -3.219E-01 -4.1219E-02 -7.2655E-02 -3.5584E-01 -6.6262E-01
1.0E-03 4.8454E-02 -2.2445E-01 1.8405E-01 1.8416E-01 -6.6179E-01 -3.8647E-01
1.0E-03 -6.177E-02 -1.4694E-01 4.5264E-01 -6.8542E-01 -4.7145E-01 -8.5914E-02
1.0E-03 4.8418E-02 9.5124E-02 -4.589E-01 -3.7997E-01 9.5731E-01 -4.1649E-01
1.0E-03 -2.7729E-01 7.0619E-01 2.9322E-01 1.1103E-01 3.1732E-01 8.0978E-02
1.0E-03 -3.9346E-02 -7.5143E-01 -6.3753E-02 -2.3449E-02 3.5703E-01 -5.998E-02
1.0E-03 -1.2036E-01 -9.6754E-01 1.4916E-02 -7.6453E-01 4.7076E-02 -3.7313E-01
1.0E-03 4.8879E-01 1.9039E-03 8.9768E-02 -4.9277E-01 -4.8064E-01 5.5532E-01
1.0E-03 6.6521E-01 2.8814E-01 8.7154E-01 -2.4264E-01 -4.8109E-01 9.0296E-01
1.0E-03 3.8507E-02 -4.5398E-02 -6.3451E-01 6.8867E-02 7.2566E-01 -1.2672E-01
1.0E-03 -1.0514E00 -1.3587E00 -7.8178E-01 3.0039E-01 7.8676E-02 -2.7905E-01
1.0E-03 -7.6013E-01 7.0371E-01 -1.06E00 5.7871E-02 8.2302E-02 -3.3546E-02
1.0E-03 -8.4789E-01 -4.9881E00 2.8512E00 -2.0261E-02 2.6238E-01 -2.0378E-01
1.0E-03 -5.4032E-01 -1.8793E-02 1.8263E-01 -2.071E-01 1.0901E-01 9.1625E-01
1.0E-03 -5.31E-02 1.9664E-01 2.8117E-02 -1.2204E00 -3.3408E-01 -3.0001E-01
1.0E-03 3.3028E-01 1.1843E00 -1.2692E-02 1.033E-01 8.7062E-02 -1.5114E-01
1.0E-03 -1.1895E-01 -2.3475E00 2.1159E-01 -2.0471E-01 1.4363E-01 3.4148E-01
1.0E-03 -1.1569E-02 -2.9202E-01 2.1398E-02 -1.7859E-01 -6.0929E-01 -1.5571E-02
1.0E-03 -4.7873E-01 7.2552E-01 1.2816E00 -1.902E-01 1.4782E-01 -2.03E-01
1.0E-03 -1.7872E-02 3.0988E-01 7.9348E-01 4.1187E-01 -1.3324E-01 3.531E-01
1.0E-03 -1.1784E00 -7.7507E-01 7.9893E-01 2.4197E-01 5.0608E-02 -4.1766E-01
1.0E-03 5.7042E-01 -1.8774E00 1.4039E00 1.4472E-02 5.1562E-02 1.0263E-01
1.0E-03 -3.3212E-01 -4.7867E-01 -6.383E-01 2.2415E-01 5.0652E-01 -7.5016E-01
1.0E-03 3.2973E-02 3.6193E-02 4.32E-01 2.307E-02 -8.8746E-02 -5.0518E-01
1.0E-03 2.1862E-01 -1.2349E00 2.2393E-01 -3.8822E-02 -5.7289E-01 7.3049E-03
1.0E-03 2.5672E00 3.4242E00 -1.2614E00 6.9816E-02 -2.7931E-01 1.6982E-02
1.0E-03 -1.0494E-01 -2.1779E-01 -1.4009E-01 7.9575E-02 -4.8928E-01 -4.5007E-01
1.0E-03 1.6845E00 -6.0406E-01 -1.0372E00 -1.0697E-01 -8.5448E-02 -4.3637E-01
1.0E-03 1.611E-02 1.8734E-02 5.179E-01 -6.5987E-01 1.8723E-01 -1.1265E-01
1.0E-03 3.8608E00 3.411E00 2.089E00 -3.2008E-02 2.1014E-01 -2.5409E-01
1.0E-03 2.9876E-01 -8.1418E00 2.0542E00 1.3153E-01 -1.3137E-01 -2.3629E-01
1.0E-03 -3.5232E-01 -4.5784E-02 -1.2659E-01 -2.2424E-02 9.683E-01 2.9938E-01
1.0E-03 -9.2333E-02 1.9612E-01 2.5979E-01 3.5925E-01 -3.7009E-01 4.2104E-01
1.0E-03 6.3039E-02 -2.8646E-01 4.1947E-01 7.3087E-01 3.561E-01 2.6629E-02
1.0E-03 3.3941E-01 -3.5801E-01 -1.7648E-01 2.0841E-01 -7.8318E-01 1.6801E-01
1.0E-03 4.3867E-01 -1.2857E-02 1.8219E-01 -3.2368E-01 -5.147E-01 1.3263E-01
1.0E-03 4.5096E-01 -2.6218E00 -1.1704E00 4.2538E-01 -1.9932E-01 -1.7412E-01
1.0E-03 -2.8032E-01 3.3716E-01 9.2127E-03 -9.4536E-02 5.2272E-01 5.25E-01
1.0E-03 -4.6052E-01 -1.4197E-01 1.6966E-01 -6.2356E-01 4.7443E-01 3.5536E-01
1.0E-03 -1.7563E-01 4.3476E-01 -6.1104E-02 1.3988E-01 -5.7163E-01 -7.0884E-01
1.0E-03 -3.8139E-01 1.4071E-02 5.2003E-01 -6.9372E-01 7.5132E-02 5.2747E-01
1.0E-03 -2.1857E00 -2.8136E00 4.8093E-01 1.8814E-01 4.0974E-02 5.1497E-03
1.0E-03 -5.2277E-02 2.9355E-04 -2.0352E-01 1.7123E-01 -2.7247E-01 2.8928E-01
1.0E-03 2.4284E-01 2.9659E-01 -2.5298E-01 -1.0456E-01 1.7701E-01 -7.6073E-01
1.0E-03 -9.0734E-02 1.818E-02 4.3514E-01 2.4635E-01 -1.3033E-01 1.8622E-01
1.0E-03 -2.1087E-02 -1.3761E-01 -2.4627E-01 -1.696E-01 -3.9167E-01 -7.411E-01
1.0E-03 -1.8101E-01 4.4186E-01 1.593E-01 2.7009E-01 -7.1296E-02 2.1927E-01
1.0E-03 -3.968E-01 -8.37E-01 1.6974E00 -5.7968E-01 3.3042E-01 -4.0496E-02
1.0E-03 2.6372E-01 -3.1192E-01 5.352E-02 3.5407E-01 -4.0399E-01 1.8073E-02
1.0E-03 5.4021E-01 9.7243E-02 -6.8635E-02 -1.1869E-01 -4.1125E-01 8.5704E-01
1.0E-03 -7.3258E-02 1.2475E-01 1.9564E-01 4.5094E-01 -5.2979E-01 4.5614E-01
1.0E-03 -1.4412E-01 2.5851E-02 -1.2779E-01 1.3867E-01 3.5944E-01 -8.1636E-02
1.0E-03 -4.2484E-01 -2.8126E-01 -7.9047E-01 -1.294E-01 3.8608E-01 -4.5249E-01
1.0E-03 -2.4151E-01 1.2883E00 -4.4739E00 8.1118E-02 -2.3193E-01 4.4064E-02
1.0E-03 -2.5004E-01 5.1946E-01 -2.6597E-01 3.6201E-02 6.0198E-01 -4.8066E-01
1.0E-03 -2.0891E-02 -1.9987E00 -1.5815E-01 3.7765E-01 -9.965E-02 4.1943E-01
1.0E-03 8.678E-02 4.4707E-02 9.9902E-02 -8.2472E-01 8.1416E-01 -6.7975E-01
1.0E-03 7.1426E-02 -2.5048E-01 1.0837E00 -1.7922E-01 -2.9544E-01 -5.8427E-02
1.0E-03 2.4538E-01 3.2122E-01 -4.3948E-01 3.5794E-01 -6.3365E-01 -6.9972E-01
1.0E-03 9.1373E-02 -3.3597E-01 8.3942E-02 3.3274E-01 1.0605E00 -5.2921E-01
1.0E-03 9.2737E-01 -1.3276E00 1.8127E00 -6.2926E-02 -3.8662E-01 -1.2631E-01
1.0E-03 -2.7395E-01 -4.5332E-01 9.4034E-02 -8.3512E-01 7.1529E-02 4.7024E-01
1.0E-03 7.166E-01 7.6851E-01 -2.1141E-01 -3.2678E-01 -2.9093E-01 -2.9456E-01
1.0E-03 1.1177E00 -3.7819E-01 -2.5873E-01 1.2771E-01 -5.3788E-01 -6.5873E-01
1.0E-03 -1.1693E-01 -5.4088E-01 -6.4016E-02 -1.2766E-01 -2.9922E-02 -7.3914E-02
1.0E-03 2.4178E-01 1.9025E-01 -7.2832E-01 -3.9325E-02 4.5261E-01 -7.0927E-01
1.0E-03 1.4308E-01 1.5772E-01 7.2743E-01 -7.9314E-01 -2.7433E-01 -1.5225E-01
1.0E-03 1.4965E00 5.9631E00 1.5745E-01 -8.8136E-02 -8.8267E-02 8.7549E-02
1.0E-03 -1.4851E-01 -2.9219E-01 6.1955E-01 -3.4923E-01 -4.8571E-01 -3.9128E-02
1.0E-03 8.8645E-01 -6.833E-01 -8.0088E-01 -7.0546E-03 -2.4289E-01 1.7939E-01
1.0E-03 3.0681E-01 -6.0913E-01 5.705E-01 1.2693E-01 -1.2796E-01 3.6592E-01
1.0E-03 2.3133E-01 -2.9213E-01 3.0675E-01 -4.797E-01 -8.7163E-01 3.876E-01
1.0E-03 1.0522E00 -4.1614E-01 4.7523E-01 -4.5076E-01 1.0092E-01 5.4553E-01
1.0E-03 4.5242E-01 -7.4104E-01 -7.2606E-01 4.4501E-02 -2.7572E-02 4.0475E-01
1.0E-03 3.2168E-01 7.9668E-01 4.1826E-02 -1.0353E-01 1.9416E-01 1.4821E-01
1.0E-03 -2.4661E-01 5.2285E-01 1.2435E00 -6.3855E-01 -3.3473E-01 -2.6278E-01
1.0E-03 2.2481E-01 5.7568E-01 -2.6778E-01 -1.4472E-01 -3.317E-01 -5.321E-01
1.0E-03 -1.0639E-01 2.0113E-01 1.2041E-01 3.0357E-01 -4.7134E-03 5.6399E-01
1.0E-03 2.2951E-01 -2.8835E-03 -1.1908E-01 1.3434E-01 2.3803E-01 9.7999E-01
1.0E-03 -4.8905E-01 6.9771E-02 -3.0257E-01 -1.5018E-01 2.5243E-02 -5.0946E-02
1.0E-03 4.3068E-02 6.1969E-01 -5.2451E-01 5.0901E-01 4.218E-01 -1.52E-02
1.0E-03 -1.2814E00 6.7468E-01 -7.3091E-01 -1.7663E-01 1.2303E-02 -9.7643E-02
1.0E-03 5.9319E-01 -1.3502E01 -4.0434E00 2.1456E-01 -5.745E-02 -2.967E-02
1.0E-03 -9.0223E-01 3.4305E-01 -3.5889E-01 3.5781E-01 -2.0258E-01 -1.7041E-01
1.0E-03 2.2591E00 4.6486E-01 3.9965E-01 2.6291E-01 1.2851E-02 -6.6661E-02
1.0E-03 2.251E-01 3.8875E-01 -1.2584E-01 3.9666E-01 2.5565E-01 4.2119E-01
1.0E-03 1.9962E-02 5.6158E-01 -4.0057E-01 -8.9903E-01 -6.0834E-01 -5.9822E-01
1.0E-03 -4.1867E-01 1.4273E-01 -1.3516E-02 4.4458E-01 -5.9388E-01 -2.2118E-01
1.0E-03 -9.2155E-01 -1.2604E00 1.158E00 -4.8601E-02 -2.078E-01 7.2916E-01
1.0E-03 -5.8778E-01 6.3826E-02 -2.7682E-03 5.9084E-01 -3.5939E-02 -5.0266E-01
1.0E-03 -7.8223E-01 -2.2717E-01 1.0345E-01 -1.4284E-03 -6.5036E-01 -1.6645E-01
1.0E-03 3.4309E-01 1.7973E-01 -1.9492E-01 -8.4045E-01 3.2333E-01 2.1126E-01
1.0E-03 -5.7197E-02 5.5628E-01 -6.5728E-01 -8.9449E-01 -3.3004E-01 -9.4365E-02
1.0E-03 -1.4457E-01 2.1853E-01 5.3815E-02 -1.0431E-01 6.1319E-01 -3.4242E-01
1.0E-03 -3.0847E-01 -6.7053E-01 -4.2949E-01 3.0689E-01 4.7146E-01 -1.0733E-01
1.0E-03 3.8811E-01 9.595E-02 -2.9874E-01 -2.191E-01 -6.5107E-01 -1.8943E-01
1.0E-03 1.1399E-01 7.5166E-02 -1.1494E00 1.2635E-01 -1.6051E-01 -3.3819E-01
1.0E-03 2.4704E00 3.0356E00 -2.3242E00 1.6755E-01 4.3832E-01 1.2709E-01
1.0E-03 6.1287E-01 8.0891E-01 -1.0487E-01 2.7374E-01 -6.1681E-01 -2.4077E-01
1.0E-03 -5.942E-01 7.8704E-01 1.1349E00 -4.2585E-02 1.9597E-01 8.1625E-01
1.0E-03 8.0649E-01 9.8956E-01 -1.0807E00 -5.2182E-01 1.0571E-01 -1.212E-01
1.0E-03 1.0053E-01 9.4871E-03 -1.9358E-01 -2.6888E-02 9.4197E-01 5.026E-01
1.0E-03 1.6372E00 -2.2582E-01 8.8927E-01 3.2382E-01 -1.4292E-01 -1.8063E-01
1.0E-03 -2.4883E-02 -4.3198E-01 2.1104E-01 4.4144E-02 3.9937E-01 -1.7307E-02
1.0E-03 4.6706E-01 -2.675E-01 9.2623E-01 -4.355E-01 2.1859E-01 -6.2639E-01
1.0E-03 -7.241E-02 -6.167E-02 1.5839E-01 -6.0693E-01 7.8943E-01 4.2401E-03
1.0E-03 -4.4753E-01 -8.5538E-02 6.4521E-02 -4.9654E-01 3.441E-01 -7.8714E-01
1.0E-03 -8.1062E-03 -5.2873E-01 -6.3243E-03 -8.0148E-01 -3.0618E-01 -8.3775E-01
1.0E-03 -1.4329E00 2.6127E-02 6.8157E00 1.0173E-03 7.9629E-02 -1.6716E-01
1.0E-03 2.6686E-01 2.1697E-01 6.7665E-01 9.6724E-01 -5.5646E-01 -2.4356E-01
1.0E-03 1.994E-01 1.4665E-01 -1.5611E-02 -8.3554E-03 -1.1371E00 -2.281E-01
1.0E-03 -1.1175E00 6.4619E-01 1.7291E-01 5.0885E-01 1.8582E-01 8.0109E-02
1.0E-03 -2.1507E-01 3.8285E-01 5.9788E-01 -4.4243E-01 1.2077E-01 4.7536E-01
1.0E-03 5.8252E-01 -6.5625E-01 -1.9952E-03 7.7846E-02 -2.5884E-01 -1.3186E-01
1.0E-03 -3.5589E-01 4.5978E-01 -2.1592E-01 4.4633E-01 3.4747E-01 3.2961E-01
1.0E-03 -8.5889E-02 -9.9977E-03 4.1188E-01 -8.1411E-01 2.0433E-01 3.7242E-01
1.0E-03 4.174E-02 2.1746E-01 -1.4174E-01 -3.696E-01 3.4139E-01 -3.2242E-01
1.0E-03 1.187E-01 7.0566E-01 -1.2142E00 -2.3891E-01 5.8795E-01 -5.826E-02
1.0E-03 4.502E-01 6.1775E-01 8.8398E-01 -9.028E-01 -1.7702E-01 3.337E-01
1.0E-03 -1.3758E-01 1.9124E-01 6.4907E-01 -2.884E-01 7.0651E-01 -2.7675E-01
1.0E-03 5.9145E-01 2.1203E-02 -3.5413E-01 1.4167E-01 -1.7211E-01 -2.4791E-01
1.0E-03 1.9315E-04 -4.9252E-02 2.6748E-01 -2.2472E-01 -7.5676E-01 -6.0747E-01
1.0E-03 4.3936E-01 -2.8094E-01 -4.5588E-01 -9.0821E-01 -3.0394E-01 2.8274E-01
1.0E-03 6.98E-01 -4.5875E-01 -7.91E-01 -8.8495E-03 -1.4335E-01 -3.5673E-01
1.0E-03 -1.9882E-01 1.6028E-01 4.0527E-02 -8.4938E-02 -2.7684E-01 5.0552E-01
1.0E-03 -2.9931E-01 -7.6066E-02 1.0877E-01 -1.7184E-01 -1.2103E-01 -1.1789E-01
1.0E-03 -5.6765E-01 2.8279E-01 2.218E-01 -1.2551E00 -3.4106E-02 2.4945E-02
1.0E-03 -2.116E00 -3.785E-01 7.947E-01 -9.0343E-02 -2.0806E-04 3.8321E-01
1.0E-03 1.2645E00 -9.589E-01 5.4478E-01 2.3615E-01 2.7456E-01 -5.6722E-01
1.0E-03 7.6899E-02 9.574E-02 2.1576E-01 -5.9337E-01 -2.3478E-02 -4.055E-01
1.0E-03 -2.3208E-01 -3.0059E-01 1.8286E-01 -6.5457E-01 -3.6237E-01 2.5253E-01
1.0E-03 4.5376E-01 6.0978E-01 3.2238E-01 -5.6837E-02 1.9667E-01 6.9149E-01
1.0E-03 -1.5591E-01 -2.6573E-01 2.3703E-01 -7.2067E-01 -4.0991E-02 6.8876E-03
1.0E-03 1.9086E-01 -1.1066E-01 6.3472E-01 -2.5561E-01 3.0647E-01 -2.2186E-01
1.0E-03 2.5682E-01 -2.9286E-01 4.8132E-01 -5.7614E-01 -7.3264E-01 -3.8314E-01
1.0E-03 6.7117E-01 -3.7192E-01 -1.5405E-01 2.3791E-01 3.9387E-01 -2.4454E-01
1.0E-03 2.5108E-01 -1.7663E00 -1.0564E00 -4.4831E-01 -2.5994E-01 -3.6246E-01
1.0E-03 6.0111E-02 -1.3191E-01 4.0493E-01 4.4891E-01 -2.3289E-01 2.6526E-01
1.0E-03 6.8843E-01 -1.6973E-01 1.8121E-01 4.1505E-01 -3.5791E-01 4.5752E-02
1.0E-03 6.6011E-01 -2.58E-01 3.8742E-01 1.887E-02 -2.0385E-02 2.9989E-01
1.0E-03 -2.1016E-01 4.7178E-01 -1.9676E-01 -3.2439E-01 -2.6494E-01 -5.0E-01
1.0E-03 -1.089E-01 1.1886E-01 -4.9967E-01 4.159E-03 3.3202E-01 -1.6773E-01
1.0E-03 9.5591E-01 1.8244E-01 5.2111E-01 3.991E-02 -1.7192E-01 2.7415E-01
1.0E-03 1.6524E00 2.9152E-01 4.9013E-02 8.0868E-02 -3.443E-02 -9.605E-02
1.0E-03 -2.8766E00 4.9035E00 -3.5038E-01 1.5063E-01 -1.7223E-01 -9.2403E-02
1.0E-03 -4.7377E-01 -2.2779E-01 -2.7246E-01 -2.492E-01 -2.5601E-01 1.5923E-01
1.0E-03 -5.3774E-01 5.0729E-01 -2.1228E-01 -3.6626E-01 2.0715E-01 -8.5362E-03
1.0E-03 3.1308E-01 1.6014E00 4.7021E-01 9.3386E-02 2.561E-01 -9.5494E-02
1.0E-03 2.4391E-02 -8.3737E-01 3.0491E-02 6.2856E-01 -2.6586E-01 -1.3068E-01
1.0E-03 3.8422E-01 5.6109E-01 -6.3882E-02 -1.2306E-01 -5.4013E-01 5.9219E-01
1.0E-03 -1.0847E00 5.3404E-01 -3.376E-01 5.8333E-01 6.7257E-02 1.5826E-01
1.0E-03 3.0702E00 5.3777E-01 2.4721E-01 -4.1332E-01 2.8516E-01 -1.0326E-01
1.0E-03 4.0651E-01 7.5036E-01 6.3576E-01 5.2238E-02 -5.9117E-01 -2.5986E-01
1.0E-03 -1.9834E-01 -5.7971E-01 3.7094E-02 7.0699E-01 7.1939E-01 9.3957E-02
1.0E-03 4.0765E00 -2.6326E00 -2.991E00 -2.4381E-01 5.722E-02 2.1797E-01
1.0E-03 5.6663E-01 -6.0404E-01 4.4162E-01 -1.8805E-01 -1.7979E-01 1.5269E-01
1.0E-03 9.0633E-01 -1.2276E00 -9.3472E-01 -6.6907E-02 -2.9662E-01 1.9171E-01
1.0E-03 5.5524E-02 8.4337E-02 7.3062E-02 -4.5649E-01 7.9313E-02 -1.7933E-01
1.0E-03 1.4316E00 1.3613E00 1.0705E00 4.1333E-02 -1.6223E-01 -5.305E-01
1.0E-03 -1.3382E00 9.2485E-01 1.4266E00 -4.2471E-01 4.8744E-02 -6.5598E-02
1.0E-03 1.218E-01 -3.9657E-01 -5.6345E-01 -8.0963E-01 -6.2812E-02 4.721E-01
1.0E-03 -1.8381E-01 1.5759E-01 -3.0439E-01 7.385E-01 2.6197E-01 -3.3232E-01
1.0E-03 -4.8213E-02 2.0941E00 -1.3289E00 -5.9083E-03 2.1611E-01 -2.0604E-01
1.0E-03 1.9972E-01 4.435E-01 -1.0622E-01 -5.9013E-02 3.0274E-01 -6.6678E-01
1.0E-03 6.3204E-02 9.0393E-02 3.898E-01 -3.1172E-01 -2.0589E-02 9.142E-02
1.0E-03 -2.9776E-01 1.2382E-01 -6.5396E-01 -3.2882E-01 -2.3861E-01 2.279E-01
1.0E-03 -4.3708E-01 7.9847E-02 3.8372E-01 2.539E-01 -6.8336E-01 -1.7068E-01
1.0E-03 2.0024E-01 2.6006E-01 3.45E-01 2.5983E-03 -2.671E-01 -3.9956E-01
1.0E-03 -1.5184E-01 3.1516E-01 -5.1445E-01 4.4868E-02 -3.0372E-01 -2.0481E-01
1.0E-03 7.959E-01 -3.4332E-01 6.2162E-01 3.0959E-01 7.1471E-01 -4.9174E-01
1.0E-03 4.3272E-01 3.8306E-01 1.2276E-01 4.7458E-01 -2.5224E-01 5.2597E-01
1.0E-03 -7.9532E-03 1.5516E00 -1.1346E00 -1.2426E-02 -4.5118E-05 2.4973E-01
1.0E-03 3.3546E-01 9.337E-01 -6.0729E-01 -3.6574E-01 -8.0256E-02 -1.6798E-02
1.0E-03 -3.6517E-02 -6.9603E-02 4.696E-02 2.1485E-01 -1.0424E00 -2.1738E-01
1.0E-03 3.0921E-01 -2.8266E-01 -2.3692E-01 -4.1212E-01 -3.5885E-01 7.3355E-02
1.0E-03 1.7548E-01 6.7559E-02 2.0113E-01 -5.3937E-01 -2.9003E-01 -3.5753E-01
1.0E-03 2.0621E00 -1.7767E00 -1.6767E-01 4.9921E-02 -1.1203E-01 1.4678E-02
1.0E-03 -5.8764E-01 4.5172E-01 4.5768E-01 -3.3429E-01 4.3623E-01 -3.8566E-02
1.0E-03 3.8692E-01 1.0981E-01 5.8049E-01 -5.5994E-02 1.3607E-02 6.6653E-01
1.0E-03 -2.3109E-01 8.5552E-02 2.1976E-01 2.356E-01 1.232E-02 2.8429E-01
1.0E-03 7.4722E-02 9.8216E-02 -6.2336E-02 -7.0523E-01 -3.0837E-02 3.6003E-01
1.0E-03 -2.2117E-02 -1.0803E00 -1.6516E00 6.5584E-02 6.2237E-01 -2.9476E-01
1.0E-03 -1.4637E00 8.1345E-01 3.8675E-01 -2.1841E-02 -4.6002E-01 -1.4188E-01
1.0E-03 2.0546E-02 3.2761E-01 6.1892E-02 -5.1978E-01 6.3079E-01 -2.2981E-01
1.0E-03 -1.8282E00 1.9318E00 -2.9149E00 -1.3259E-01 -9.5218E-02 9.8564E-02
1.0E-03 6.6241E-01 4.8822E-01 5.5137E-01 2.1484E-01 -3.7875E-01 3.8431E-01
1.0E-03 -1.1614E-01 6.2295E-02 1.0989E-01 -3.0216E-01 3.9274E-01 3.745E-01
1.0E-03 2.594E-02 1.2701E-01 -3.2691E-01 1.3001E00 4.4056E-01 3.5025E-01
1.0E-03 -1.4518E-01 -1.1449E00 7.012E-01 7.8677E-02 -1.1305E-01 -1.2112E-02
1.0E-03 8.3392E-01 9.4821E-01 -1.42E-02 -5.8384E-01 -2.6747E-02 8.0191E-02
1.0E-03 1.126E-01 -8.825E-01 -3.5941E-01 -5.9079E-01 6.98E-02 -1.6529E-02
1.0E-03 -3.8042E-01 3.2092E-01 2.5363E-01 -2.861E-01 9.0023E-01 3.7382E-01
1.0E-03 -7.6513E-01 5.8536E-01 -7.0055E-01 2.7594E-01 7.0008E-01 5.1533E-01
1.0E-03 3.1189E-01 -3.9335E-02 2.4763E-01 -3.9849E-01 4.8857E-01 -7.1157E-01
1.0E-03 1.6546E-01 3.782E-01 -3.5921E-02 -1.1349E00 -1.4812E-01 2.6294E-01
1.0E-03 3.1499E-01 8.5033E-03 2.7447E-01 5.044E-01 6.7352E-01 -5.1994E-01
1.0E-03 -2.6858E-01 -9.0825E-01 1.4768E-02 3.5971E-01 -3.2781E-01 -1.2945E-01
1.0E-03 -3.1007E-02 -3.5405E00 2.2826E00 -3.3646E-01 -5.5585E-02 1.7349E-01
1.0E-03 3.5459E-01 -1.1977E-01 2.2077E-01 -6.5503E-01 -8.1236E-01 5.768E-01
1.0E-03 -4.2172E-02 -1.3928E-01 -1.0244E-01 1.8864E-01 -3.4771E-01 -3.7405E-02
1.0E-03 4.7007E-01 -7.8055E-01 -1.1403E00 3.7196E-01 2.4139E-01 5.7446E-01
1.0E-03 -1.9077E00 6.8562E-01 -2.2392E-02 -4.3682E-02 -6.9307E-01 1.1274E-01
1.0E-03 -4.5901E-01 2.5324E-01 -2.3024E-01 8.6267E-01 -7.2548E-02 -4.3303E-01
1.0E-03 2.3514E-01 3.3534E-01 8.1967E-02 -1.0969E00 -1.2294E-01 2.8739E-01
1.0E-03 -4.8219E-01 3.7225E00 -1.1522E01 -1.2183E-02 7.2011E-02 4.1703E-02
1.0E-03 -6.9679E-01 -3.4064E-01 -2.3069E-03 3.4642E-01 -1.792E-01 2.7495E-01
1.0E-03 1.0163E-01 4.8788E-02 -3.5506E-01 5.5639E-01 9.2584E-01 6.3402E-01
1.0E-03 -1.7942E-01 -1.0837E-01 -2.7393E-01 -1.0045E-02 -1.6772E-01 -7.6865E-02
1.0E-03 3.0127E-01 -9.2667E-01 -1.3085E00 -3.5592E-01 1.4408E-01 -5.4271E-01
1.0E-03 -2.1812E00 4.2945E-01 1.636E-01 3.4341E-01 3.3508E-01 2.8704E-01
1.0E-03 -2.083E00 6.8331E-01 -1.3944E00 -2.6612E-02 -3.1652E-01 -1.3809E-01
1.0E-03 1.4674E00 3.5636E-01 -2.0006E00 -6.6747E-02 -1.2998E-02 -3.4614E-01
1.0E-03 -2.1237E-01 1.358E-01 -8.7479E-02 2.2298E-01 -1.0913E00 3.3431E-01
1.0E-03 2.2083E-01 2.1643E-02 4.8492E-01 -8.8247E-01 9.7545E-02 -3.8528E-01
1.0E-03 9.633E-01 -1.7032E00 -5.5639E-01 -9.6903E-02 -2.2323E-01 3.8554E-01
1.0E-03 -2.1764E-01 -8.9404E-01 -4.8981E-01 -2.0176E-01 1.1039E-01 6.4562E-01
1.0E-03 2.5295E-01 -2.7471E-02 1.7369E-01 1.9686E-01 7.3423E-01 5.8702E-01
1.0E-03 -2.8852E-01 2.5629E-01 -3.9843E-01 -5.7383E-01 -6.4375E-01 -6.0566E-01
1.0E-03 -4.6167E-01 2.8547E-01 8.0225E-02 -2.3612E-01 2.461E-01 3.1178E-02
1.0E-03 3.5395E-01 1.3411E00 -1.0076E-01 -3.2976E-01 3.1871E-01 3.5549E-01
1.0E-03 -5.8004E-01 2.3051E00 -2.0002E00 3.3725E-01 1.5542E-01 9.8454E-02
1.0E-03 -1.0459E00 -3.727E-01 -3.5264E-01 2.3348E-01 -2.4263E-01 8.6381E-01
1.0E-03 4.2974E-01 -1.2264E-01 5.6819E-01 7.1034E-01 1.8141E-01 2.3864E-01
1.0E-03 3.5045E-01 3.1564E-01 1.2157E-01 -7.6335E-02 -6.2969E-03 3.3759E-02
1.0E-03 1.9821E-01 -7.4089E-01 -1.9994E-01 5.8058E-01 4.3525E-01 4.7422E-01
1.0E-03 -3.2943E-01 -1.2552E00 5.7306E-01 -2.6053E-01 4.8027E-03 1.0947E-01
1.0E-03 1.1655E00 -1.1788E-01 -6.8334E-01 2.6719E-01 -2.4204E-01 -1.8392E-01
1.0E-03 -2.3581E-01 -5.0386E-01 1.8898E-01 -3.6147E-01 -1.2787E-01 -7.8607E-02
1.0E-03 1.3818E00 2.2518E00 7.3661E-02 -3.4091E-01 4.5333E-01 -3.7655E-02
1.0E-03 -1.511E00 1.3456E00 -2.8322E00 -8.5839E-02 -6.353E-02 -2.6465E-01
1.0E-03 -3.6398E-01 -5.5803E-01 3.7892E-01 -1.5648E-02 2.9399E-01 2.3992E-01
1.0E-03 1.3121E00 7.9951E-01 -2.1525E00 2.5295E-01 7.9573E-02 -2.2176E-01
1.0E-03 -1.0507E-01 1.1167E00 -7.9806E-01 5.094E-01 -9.2527E-02 -1.2663E-01
1.0E-03 -3.764E-03 6.5279E-03 3.5736E-01 4.9219E-01 2.5528E-01 -1.5016E-01
1.0E-03 2.7477E-01 3.3325E-02 1.1654E-01 2.6979E-01 4.8098E-01 3.664E-01
1.0E-03 -1.227E00 6.2045E-02 -2.7897E-01 8.5823E-01 2.1296E-02 -6.0031E-01
1.0E-03 4.3559E-02 -8.2689E-01 -4.5988E-01 -2.1324E-01 2.7303E-01 6.2583E-01
1.0E-03 -3.653E-01 -2.4993E-01 -2.999E-01 2.5203E-01 4.661E-01 2.9704E-01
1.0E-03 1.149E00 5.6135E00 -8.6342E-01 3.9981E-01 1.3921E-02 8.3419E-02
1.0E-03 -2.3203E00 1.1243E00 -1.055E00 -1.2912E-01 -2.4265E-01 1.0287E-01
1.0E-03 1.2594E-01 1.6668E-01 -3.1422E-01 3.5114E-01 -3.1E-03 -8.1513E-03
1.0E-03 7.023E-01 -3.3872E-01 6.861E-01 3.2162E-01 3.1352E-01 -7.2598E-01
1.0E-03 -2.7194E-01 -1.3431E00 9.9207E-01 -2.9105E-01 7.5232E-02 -2.5255E-03
1.0E-03 -9.8195E-02 -2.8636E-01 5.0074E-01 5.3062E-01 -7.9432E-01 -6.1874E-01
1.0E-03 1.3476E00 1.6811E-01 -1.2158E-01 -1.2043E-01 3.1761E-01 -2.0004E-02
1.0E-03 -6.1677E-01 -5.1736E-01 -3.1961E-01 5.0039E-01 -1.2538E-01 -3.4973E-01
1.0E-03 1.2321E-01 8.4636E-02 -1.1655E-01 1.8736E-01 -3.484E-01 1.133E00
1.0E-03 7.168E-01 -3.5508E-01 -1.3908E-01 1.9865E-01 -3.1778E-01 -9.156E-01
1.0E-03 -4.685E-02 -5.4368E-01 9.9826E-02 4.5965E-01 2.3081E-01 -1.6199E-01
1.0E-03 6.5516E-01 -7.8282E-01 5.9292E-01 -3.8205E-02 6.4398E-01 -3.9551E-01
1.0E-03 1.8624E-01 -9.5138E-01 4.2197E-01 -7.0303E-02 3.5477E-01 -5.0028E-02
1.0E-03 -1.4309E-01 5.779E-01 -3.5416E-02 -2.8329E-01 -3.1168E-01 -1.454E-01
1.0E-03 -4.5223E-01 -8.8484E-02 1.9403E-01 -3.2369E-01 4.1276E-01 3.798E-01
1.0E-03 4.8784E-02 1.5896E-01 -2.2133E-01 -4.335E-02 7.211E-01 -7.578E-01
1.0E-03 1.4348E-01 -4.0722E-01 5.9892E-01 -1.4105E-01 -1.9793E-01 2.0506E-01
1.0E-03 1.3798E-02 -1.6812E00 4.0186E-01 -2.7728E-01 3.9434E-01 -9.3068E-02
1.0E-03 -3.0763E-01 -1.4161E-02 2.0716E-01 3.4587E-01 -4.2952E-01 -1.1394E00
1.0E-03 -5.6533E-01 -5.148E-02 -1.8381E-02 6.5675E-01 -3.2814E-01 2.8571E-01
1.0E-03 -1.1857E-01 -2.0263E00 -2.6352E-01 -3.8223E-01 8.6324E-02 -5.8119E-01
1.0E-03 4.4935E-04 -3.7507E-01 -5.0826E-02 3.3703E-01 1.3505E-03 -5.2238E-01
1.0E-03 3.417E-01 4.9159E-01 9.7632E-01 5.1773E-01 6.8885E-01 -2.4109E-01
1.0E-03 1.4331E-01 -3.3653E-01 -3.6498E-01 5.0261E-01 2.4493E-01 -3.3975E-01
1.0E-03 3.0777E-01 2.2448E-01 -6.3276E-01 6.4388E-01 1.293E-02 -3.7524E-01
1.0E-03 2.2462E-01 1.6424E-01 4.2634E-01 9.3632E-01 1.092E-01 -1.6539E-02
1.0E-03 -6.9578E-02 3.0748E-01 1.6506E-01 -4.9866E-01 1.007E00 -4.2789E-01
1.0E-03 -3.6715E-01 -3.3761E-01 2.8238E-01 6.6802E-01 4.121E-01 2.9603E-01
1.0E-03 -8.7249E-02 -2.6558E-02 5.1816E-02 -1.9059E-01 8.6652E-01 -1.3948E-01
1.0E-03 3.9512E-01 2.4619E00 2.7477E00 1.9074E-02 3.5647E-02 -3.7977E-01
1.0E-03 -2.0627E-01 -2.3599E-02 -4.1376E-01 -7.4813E-02 2.1473E-01 8.0219E-02
1.0E-03 1.2258E00 7.8081E-01 -3.7683E-01 -4.6792E-01 3.0163E-02 3.1624E-02
1.0E-03 -1.7294E00 -2.4898E-01 1.4502E00 -1.8387E-01 -2.0897E-01 -1.7337E-01
1.0E-03 -6.3131E-01 -6.7968E-02 -5.9958E-01 -6.3833E-01 -1.3461E-01 -3.1923E-01
1.0E-03 1.139E-01 -7.3022E-02 3.3298E-01 1.2607E00 -8.8286E-02 -3.2124E-01
1.0E-03 1.1162E-01 5.8247E-02 -5.7128E-01 -5.5577E-01 5.0521E-01 4.3407E-01
1.0E-03 -4.9282E-01 1.0241E-02 5.8106E-01 1.0038E-01 1.1639E-01 -5.497E-01
1.0E-03 5.6859E-02 -1.4773E-01 -1.1649E-01 -1.264E-01 -5.7568E-01 2.338E-01
1.0E-03 7.6288E-01 4.6655E00 -1.0522E00 3.777E-01 -2.2811E-02 -2.9265E-01
1.0E-03 2.7685E-01 2.1611E-02 1.4244E-01 -3.2436E-01 1.9758E-01 -5.3831E-01
1.0E-03 7.2862E-02 6.0643E-01 7.9677E-01 1.1604E-01 1.5202E-02 4.1276E-01
1.0E-03 2.0098E-01 -8.3268E-03 -2.1947E-02 -8.8738E-03 -4.3567E-02 -6.2576E-01
1.0E-03 -6.9671E-03 -1.1306E-01 1.2877E-01 -3.1175E-02 -3.5437E-01 -1.9901E-01
1.0E-03 -2.4216E-02 1.3357E-01 -3.7997E-03 4.4597E-01 -8.2065E-01 5.3926E-01
1.0E-03 3.1894E-01 2.9612E-01 9.1959E-02 -1.5385E-01 2.9823E-01 -2.1247E-01
1.0E-03 -8.1062E-01 5.7042E-01 1.3953E00 -3.4945E-01 2.559E-02 2.2149E-01
1.0E-03 -4.9106E-01 -3.65E-01 1.0824E00 2.8383E-02 3.4042E-01 -4.5015E-01
1.0E-03 2.3917E-01 -1.3258E-01 -1.3724E-01 3.8819E-01 -5.1226E-01 -6.2076E-01
1.0E-03 -3.6692E-01 2.45E-01 3.7245E-01 2.8636E-01 1.3867E-02 4.4778E-01
1.0E-03 3.305E-01 3.1564E-01 1.5538E-02 -4.6292E-01 3.7124E-01 -1.2313E-02
1.0E-03 -2.021E-01 -1.1751E00 3.3263E-01 4.2211E-01 -1.5104E-01 1.2008E-01
1.0E-03 1.0047E-01 -4.851E-01 4.0952E-01 1.1221E-01 2.5707E-01 3.8607E-01
1.0E-03 1.7974E-01 -4.0378E-01 1.1034E-01 5.2688E-01 -4.7162E-02 -1.5592E-01
1.0E-03 4.3549E-01 4.944E-01 3.0108E-01 -5.6416E-01 -2.4906E-01 -8.1883E-01
1.0E-03 -1.6743E-01 1.1143E-01 -3.1989E-01 5.9058E-02 4.7127E-01 -8.4473E-01
1.0E-03 -9.3113E-01 1.0396E00 6.7437E-01 -2.8809E-01 -1.3158E-02 -2.1343E-01
1.0E-03 -6.1602E-01 4.8756E-01 -7.3226E-01 3.8463E-01 -1.752E-01 1.9844E-01
1.0E-03 -1.2953E00 -9.355E-01 7.8899E-01 -1.1082E-01 -3.1094E-01 2.3714E-01
1.0E-03 -3.0106E00 1.6201E00 3.5483E00 1.5818E-01 -6.9125E-02 -1.1707E-01
1.0E-03 2.7659E-01 1.064E-01 1.5119E-02 -8.0228E-01 -1.6286E-01 1.9391E-01
1.0E-03 5.5706E-02 -1.7195E-01 3.6084E-02 -9.5055E-02 -2.2308E-01 -2.414E-02
1.0E-03 -6.1457E-01 2.4477E-02 6.4734E-01 3.2833E-01 4.3006E-01 3.5487E-01
1.0E-03 -7.4371E-01 -8.9659E-01 1.0824E-01 -5.0113E-01 -1.1027E-01 -5.9306E-01
1.0E-03 3.8723E-01 -4.93E-01 -3.458E-03 -1.5438E-01 -5.3412E-01 1.0318E-01
1.0E-03 5.1244E-01 5.6611E-01 1.9207E00 -4.8292E-01 2.4071E-01 2.8138E-01
1.0E-03 6.021E-01 1.0407E-01 4.3196E-01 -2.6735E-01 6.4125E-01 -5.141E-01
1.0E-03 5.2728E-03 -2.9932E-01 -8.2871E-01 -4.3484E-01 1.453E-01 -2.4724E-01
1.0E-03 1.3384E00 7.632E-01 1.2552E00 3.2432E-02 3.0122E-01 2.0772E-01
1.0E-03 5.7261E-01 -2.3544E-01 1.6253E-01 9.0115E-01 -6.6867E-01 -3.5137E-01
1.0E-03 -1.1531E-01 3.2433E-01 3.9458E-01 -8.17E-01 2.8078E-01 -7.4114E-02
1.0E-03 -6.369E-02 -1.4382E-01 1.5365E-01 1.4125E-02 5.7824E-01 -3.2805E-01
1.0E-03 1.2486E-02 1.7492E00 -6.9057E-01 2.4237E-01 4.2931E-01 3.0665E-01
1.0E-03 -4.8582E-01 -8.1026E-01 -4.6402E-01 -3.1E-01 8.5667E-01 5.9245E-01
1.0E-03 7.3225E-01 -4.5158E-02 -6.348E-01 2.4878E-01 7.6427E-02 -3.1364E-01
1.0E-03 3.7717E00 -2.1224E00 5.2328E00 4.4479E-02 -1.5317E-01 2.6794E-01
1.0E-03 -7.4142E-02 -2.9132E-01 4.0622E-01 1.0103E00 6.4124E-01 -1.6353E-01
1.0E-03 3.7486E-02 1.0677E-01 2.2887E-02 -2.0765E-01 5.7092E-01 1.3784E-01
1.0E-03 -2.9771E-01 5.308E-01 7.7936E-01 -1.6236E-01 2.7814E-01 -1.8664E-01
1.0E-03 -3.2716E00 -1.2269E00 -1.3487E-01 -2.5109E-01 1.2733E-01 2.7483E-02
1.0E-03 -8.2452E-01 -1.2437E-02 -1.973E-01 -3.3555E-01 1.918E-01 3.8233E-01
1.0E-03 -9.4482E-03 3.0643E-02 1.5926E-01 -5.61E-01 -4.9198E-01 1.066E-01
1.0E-03 -1.9816E-01 -3.4037E-01 1.416E-01 5.7195E-01 -4.6039E-01 -2.0871E-01
1.0E-03 -7.5997E-02 6.7171E-01 -9.021E-01 1.317E-01 -4.6885E-01 4.7268E-01
1.0E-03 -3.2251E-01 1.7384E00 -5.5957E-01 -3.8318E-01 -4.2729E-01 -1.1147E-01
1.0E-03 -1.5324E-01 -1.4649E00 -1.4389E00 2.1674E-01 -3.163E-01 -7.7129E-02
1.0E-03 -2.0643E-01 -7.6746E-01 3.839E-01 -6.0715E-01 2.2647E-01 1.9851E-02
1.0E-03 3.9636E-01 4.9569E-01 6.0199E-01 3.9522E-01 1.7924E-01 -3.0378E-01
1.0E-03 2.0818E-01 -3.8817E-01 9.3009E-02 3.2624E-01 -5.6375E-01 2.7664E-01
1.0E-03 -2.4484E-01 1.2395E-01 2.5388E-01 -5.4964E-01 9.1767E-01 -2.2135E-01
1.0E-03 -1.2196E00 -2.7958E-01 -1.528E-01 -2.6858E-01 -4.4302E-02 -2.6707E-01
1.0E-03 1.2047E-01 -2.1874E-01 6.5359E-01 4.223E-02 -2.2823E-01 -1.3797E-01
1.0E-03 -1.1048E-01 3.2787E-01 -4.0542E-01 -1.973E-01 5.2989E-01 2.4374E-01
1.0E-03 6.3737E-01 -1.6919E-01 -3.8844E-02 -4.7616E-01 2.8492E-01 2.5111E-02
1.0E-03 6.6807E-01 -5.8657E-01 -2.9779E-01 -2.044E-01 2.9589E-01 -6.0803E-02
1.0E-03 -4.7202E-01 -6.5012E-01 -6.4254E-01 -1.0377E-01 1.3502E-02 7.5011E-01
1.0E-03 -2.6769E-01 1.0506E00 -2.8221E-01 -4.7554E-01 -2.5024E-01 -7.7412E-01
1.0E-03 -6.6006E-01 2.4863E-02 -6.8937E-01 7.2694E-01 1.6056E-01 -1.1338E-02
1.0E-03 1.4239E00 5.7E-01 -7.4282E-01 -1.8963E-01 -1.1052E-01 -1.0939E-01
1.0E-03 9.6454E-01 -4.8826E-02 4.1984E-01 -3.4147E-02 7.7582E-02 6.6785E-01
1.0E-03 -1.7069E00 -8.4972E-02 -1.4125E00 -4.2606E-02 -3.346E-01 6.089E-01
1.0E-03 -1.5717E00 8.7668E-01 -4.0079E-01 -5.2948E-02 -3.7053E-02 2.1222E-01
1.0E-03 -8.798E-02 1.5675E-01 3.4345E-01 3.4775E-01 1.2199E00 1.4117E-02
1.0E-03 4.341E-01 3.2331E-01 1.2392E00 -3.1337E-03 -4.922E-02 -2.7283E-01
1.0E-03 -9.8336E-01 7.0206E-01 -4.8188E-01 2.586E-01 4.1888E-01 -2.1841E-01
1.0E-03 -6.6196E-01 1.2746E00 3.5987E-01 5.2532E-01 -1.5097E-01 4.5323E-03
1.0E-03 -4.8804E-01 -3.5361E-01 1.0417E-01 -7.7246E-01 -2.5887E-02 -6.1214E-01
1.0E-03 -2.2584E00 1.0059E00 1.5867E00 -1.7912E-01 -3.3388E-01 1.155E-01
1.0E-03 -1.9119E-01 -2.5123E-01 -3.8985E-01 -1.6815E-01 1.9474E-01 -2.7607E-01
1.0E-03 -1.9311E-01 1.1838E-01 1.5853E-01 3.1823E-01 8.5307E-01 1.7456E-01
1.0E-03 -2.5721E-01 -1.5894E00 1.7043E00 6.2239E-02 -1.2443E-02 -1.3799E-01
1.0E-03 1.7222E-01 2.8846E-01 1.2308E-01 -1.6934E-01 3.8362E-01 8.6251E-01
1.0E-03 -1.0346E-01 5.3512E-01 -4.175E-01 -1.4187E-01 9.3194E-02 8.9971E-02
1.0E-03 4.0064E-01 2.4865E-01 7.5181E-01 -4.9886E-01 -3.6331E-01 7.6831E-01
1.0E-03 3.0238E-01 1.3626E-01 -7.3386E-03 -3.0267E-01 -6.4315E-01 2.7985E-01
1.0E-03 -1.3261E-01 -3.2438E-01 2.4867E-01 -3.0748E-01 3.6444E-02 -5.4194E-01
1.0E-03 1.0773E00 -1.309E00 -1.6943E00 1.1761E-01 -9.9734E-02 -4.1306E-01
1.0E-03 1.2366E00 4.6339E-01 -7.5278E-01 9.6986E-02 1.0335E-01 4.008E-01
1.0E-03 -6.9822E-01 3.3222E-01 -8.2278E-01 -3.6665E-01 9.112E-02 5.9472E-01
1.0E-03 -3.6871E-01 2.0825E00 -4.2356E-01 -5.6111E-01 2.0243E-01 -9.8296E-02
1.0E-03 -6.9985E-02 8.5108E-01 4.5082E-01 -1.0499E-01 1.4083E-01 6.1028E-01
1.0E-03 -5.2252E-01 5.2192E-02 -8.0647E-01 6.6416E-01 1.1031E-01 -3.2059E-01
1.0E-03 -2.1688E-01 -3.4452E-01 -6.0919E-01 1.1517E-01 1.3806E-01 -6.3846E-02
1.0E-03 -8.5354E-01 -3.841E-01 -2.786E-01 -7.2758E-01 -8.8319E-01 4.9437E-01
1.0E-03 -4.6593E-01 -2.1477E-01 5.8842E-01 6.2684E-01 1.8801E-02 -5.7424E-01
1.0E-03 -9.5927E-02 -4.6885E-01 -2.9424E-01 -6.0635E-01 -8.4569E-01 -2.0481E-02
1.0E-03 -1.0859E00 -4.054E-01 -4.2555E-01 -8.6309E-02 -3.5802E-01 -8.5399E-01
1.0E-03 -1.4905E-01 -5.4996E-01 -2.9419E-02 -4.3413E-01 -2.7547E-02 1.0194E-01
1.0E-03 -1.5882E-02 -1.187E-01 2.3558E-01 4.6681E-01 1.2632E-02 -7.8893E-01
1.0E-03 9.8466E-01 -5.2924E-01 -9.9298E-01 6.3892E-03 1.9365E-01 8.1086E-02
1.0E-03 -2.2489E00 -6.8609E-01 1.5751E00 2.3702E-01 3.3368E-02 -3.2704E-01
1.0E-03 7.9543E-03 3.1501E-01 5.1009E-01 -7.975E-03 -3.9298E-02 -1.0414E-01
1.0E-03 5.1176E-02 2.5609E-01 -4.9471E-01 -1.5185E-01 -4.839E-01 -2.5696E-01
1.0E-03 1.3357E-01 4.8678E-01 -5.3095E-01 -1.1189E-01 5.4412E-02 8.4156E-02
1.0E-03 -3.7199E00 2.7201E00 -3.2249E00 -9.7224E-02 -1.0893E-01 3.6599E-01
1.0E-03 -2.734E-01 4.1064E-01 -2.9508E-01 1.4791E-01 3.2514E-01 4.8395E-02
1.0E-03 -5.0456E-01 1.4927E-01 2.5179E-01 7.8185E-01 -2.4545E-01 -5.6268E-01
1.0E-03 -5.1674E-02 -6.5504E-02 -3.6793E-01 1.1823E-01 -2.7988E-01 3.8003E-01
1.0E-03 -3.1129E-01 2.5786E-01 -6.6349E-01 1.6641E-01 -7.2276E-01 2.1806E-01
1.0E-03 5.2538E-02 -2.2679E-01 3.6417E-01 1.0186E-01 -3.5397E-01 2.0652E-01
1.0E-03 -1.5655E-01 -1.5728E-01 6.5352E-01 -2.1336E-01 -2.1802E-01 -3.1773E-01
1.0E-03 3.582E-01 8.7021E-01 -7.7496E-01 2.4361E-01 1.4326E-01 1.7888E-01
1.0E-03 4.2011E-01 -1.118E00 -1.2932E00 -7.7037E-02 -1.373E-01 4.4813E-01
1.0E-03 1.2602E00 3.1999E-02 3.6808E-01 -7.6767E-02 1.1101E-01 -3.3266E-01
1.0E-03 9.2773E-02 -1.1134E-01 7.1259E-02 5.1663E-01 -9.3226E-01 6.0585E-01
1.0E-03 -6.8265E-02 -7.1582E-01 6.0312E-02 -2.3267E-01 7.4373E-01 2.0774E-01
1.0E-03 3.974E00 2.3979E00 1.1719E00 -2.9465E-01 -3.0102E-02 6.9996E-02
1.0E-03 -3.9782E-01 7.5423E-01 -1.8448E00 1.4942E-01 -1.1343E-01 -2.457E-01
1.0E-03 4.1074E00 7.0433E00 8.0335E-02 -1.7159E-01 1.3082E-01 1.8836E-01
1.0E-03 5.6818E-01 -8.6862E-01 2.2712E-01 1.8255E-01 5.998E-02 -2.4069E-01
1.0E-03 4.0022E-02 -6.1546E-02 2.8797E-01 -8.2371E-01 1.7494E-01 -4.2877E-01
1.0E-03 -4.5488E-03 -9.9641E-02 3.339E-02 -4.1502E-01 9.3403E-01 5.8668E-01
1.0E-03 5.0855E-01 8.2731E-01 -7.9336E-02 -5.0596E-01 1.2475E-01 -1.1178E-01
1.0E-03 -2.4311E-01 8.4497E-04 6.8433E-03 3.4638E-01 -9.697E-01 -4.7604E-01
1.0E-03 3.0192E-01 6.2214E-01 6.3872E-02 -4.9399E-02 -4.1018E-01 -1.0242E-01
1.0E-03 -3.187E-03 3.2356E-01 1.6504E-01 6.4268E-01 -2.8188E-01 -5.0076E-02
1.0E-03 -6.3619E-01 -3.0334E-01 4.1816E-01 1.3641E-01 7.5732E-01 2.7267E-01
1.0E-03 -1.7956E-01 1.4216E-01 -2.7595E-01 -4.5537E-01 -2.294E-01 -2.4742E-01
1.0E-03 4.1847E00 -1.6777E01 7.8468E-01 1.6055E-01 -1.8837E-01 -7.0104E-02
1.0E-03 6.9022E-01 5.8413E-01 -3.8576E-01 -5.7446E-01 5.9669E-02 -3.2997E-01
1.0E-03 1.562E00 1.8516E00 -1.5923E-01 -3.7081E-01 3.9626E-01 -1.6408E-01
1.0E-03 -7.3658E-02 -1.0084E-01 -1.7559E-01 -4.7391E-01 -1.0734E-01 2.6993E-01
1.0E-03 1.2792E00 -8.9762E-01 -3.3613E-01 1.7916E-01 -1.5085E-01 -1.1674E-01
1.0E-03 -3.4576E00 3.391E00 -2.6126E00 -5.3524E-02 2.6142E-01 -2.6388E-01
1.0E-03 -1.2853E00 3.0096E-01 -4.7735E-01 6.8873E-02 -2.5407E-01 -3.5127E-01
1.0E-03 -3.8576E-01 -2.2045E00 4.581E00 3.2053E-01 7.2299E-02 1.4106E-01
1.0E-03 -1.9722E-01 -2.2298E-01 -6.7518E-01 -2.3869E-01 -1.4349E-01 7.098E-01
1.0E-03 -1.9192E-01 -1.2962E-02 -4.0942E-02 -8.5827E-01 2.5249E-01 4.6758E-01
1.0E-03 -1.2095E-01 9.446E-02 -6.0293E-01 -7.6937E-01 -4.3931E-01 -3.5325E-01
1.0E-03 -1.6079E-01 -3.8782E-02 4.3943E-01 -1.096E00 6.3506E-02 -6.1902E-01
1.0E-03 -8.9216E-01 -6.2984E-01 6.3184E-01 2.3528E-01 -2.0619E-01 -1.314E-01
1.0E-03 3.5022E-01 -1.3284E00 -3.7355E-01 1.3323E-01 -8.6272E-01 1.5554E-02
1.0E-03 -4.1627E-01 6.8367E-01 3.8211E-01 4.5067E-01 -6.6719E-01 -4.7987E-01
1.0E-03 1.3843E00 8.1114E-02 -2.3228E-01 -3.479E-02 9.48E-02 -4.966E-02
1.0E-03 -1.5236E-01 -1.1625E-01 6.4119E-01 6.3808E-01 4.8524E-02 5.5926E-01
1.0E-03 3.1492E-01 -2.8562E-02 -1.0918E-01 -2.9784E-03 -1.8205E-02 -4.7465E-01
1.0E-03 1.2765E-01 1.7537E-02 -1.4347E-01 -5.7265E-01 -1.3267E00 -2.8377E-01
1.0E-03 2.3259E-01 2.5261E-03 2.3379E-01 1.2184E-01 -6.7091E-01 -2.8551E-01
1.0E-03 1.3555E-01 2.1479E-01 2.7037E-01 1.8824E-01 1.4803E-01 5.0013E-01
1.0E-03 9.6749E-01 -2.7966E-01 -2.8066E-01 -3.9931E-02 4.0959E-01 2.6096E-01
1.0E-03 -2.8019E-01 2.0135E-01 -3.5084E-01 7.9623E-02 -2.1339E-01 2.4688E-01
1.0E-03 -1.7471E00 -3.274E-01 -1.1456E-01 -2.7146E-03 2.4994E-01 -2.2263E-01
1.0E-03 1.2333E-01 -5.0646E-01 -8.1016E-02 8.2476E-01 1.9456E-01 -3.4108E-01
1.0E-03 -1.4013E-02 5.6614E-01 -7.2416E-01 -6.7119E-01 1.3044E-01 -7.477E-02
1.0E-03 -1.0866E00 -1.2177E00 1.0256E00 -5.0709E-01 2.682E-01 8.7081E-02
1.0E-03 -2.6046E-01 -4.3046E-01 1.5128E00 6.7875E-02 -6.7311E-02 -7.9819E-01
1.0E-03 -2.8155E-01 1.967E-01 3.6647E-01 5.1152E-01 -1.4487E-01 4.369E-01
1.0E-03 -4.7035E-01 -1.2268E-02 -8.438E-01 -7.6967E-01 -4.5373E-01 1.6452E-02
1.0E-03 3.9376E-02 1.0034E00 -5.4166E-01 4.8654E-01 5.4007E-03 -9.9686E-03
1.0E-03 -1.3728E00 6.5409E-01 8.0016E-01 -2.9435E-02 7.1625E-02 -1.3371E-01
1.0E-03 -8.3283E-01 1.4297E00 -1.6377E-01 -1.477E-01 -3.2172E-01 1.6894E-01
1.0E-03 6.9881E-01 -3.9161E-01 -7.3169E-02 1.9288E-01 -1.0244E-01 7.3743E-01
1.0E-03 2.022E-01 5.7208E-01 8.49E-01 -3.563E-02 -2.0022E-01 3.9121E-01
1.0E-03 7.9712E-01 3.4502E-01 -4.8564E-01 -3.6864E-01 5.0341E-02 1.5377E-01
1.0E-03 3.3124E-01 6.6506E-01 2.3594E-01 -2.1272E-01 -3.494E-01 9.3845E-01
1.0E-03 -1.3792E-01 1.5857E-01 1.0343E-01 -7.1693E-02 -5.8577E-01 -7.4901E-01
1.0E-03 -4.6969E-01 1.5389E-01 -4.9941E-01 1.602E-01 1.6289E-01 -1.98E-01
1.0E-03 -4.6527E-01 3.5387E-01 -4.1255E-01 8.4149E-01 1.8144E-01 4.0482E-01
1.0E-03 -9.3506E-01 1.0756E00 2.6612E-01 8.8708E-02 2.6741E-01 1.6792E-01
1.0E-03 1.8026E-01 6.0069E-01 2.5852E-01 -3.527E-02 -8.3344E-01 3.3496E-01
1.0E-03 -9.7441E-02 -4.1413E-01 -7.2118E-01 -4.9958E-02 1.6337E-01 -8.6058E-01
1.0E-03 -8.6E-01 -4.2042E-02 -5.5975E-01 -2.8401E-01 2.8274E-01 5.3861E-01
1.0E-03 1.7238E-01 9.7292E-01 -3.6555E-01 -6.5146E-01 6.2166E-02 -3.3982E-01
1.0E-03 -8.4283E-01 -4.9624E-01 5.3395E-02 2.1555E-01 -2.2723E-01 4.6068E-01
1.0E-03 -3.4903E-01 -1.5846E-01 8.1306E-02 -1.0135E00 4.4468E-01 -3.3317E-01
1.0E-03 -1.8641E00 4.2693E00 -1.1734E00 -1.6007E-01 1.6595E-02 -1.2174E-01
1.0E-03 -5.1401E-03 6.7341E-01 -5.8266E-02 7.1212E-02 3.1774E-01 3.9286E-01
1.0E-03 -7.512E-02 7.3203E-02 -1.4646E-01 -2.3474E-01 7.4128E-01 3.9169E-01
1.0E-03 8.6889E-03 -1.2986E-02 -7.526E-01 2.356E-01 2.6767E-01 -9.7091E-02
1.0E-03 -2.7239E-01 -3.6882E-01 9.5407E-01 1.0574E-01 2.5306E-02 -5.9884E-01
1.0E-03 -1.8891E-01 2.4917E-02 -4.5505E-01 -2.0551E-01 1.3863E-01 1.9924E-02
1.0E-03 -1.4315E-01 9.7581E-02 -2.6016E-01 -3.0516E-01 6.7973E-01 -1.5813E-01
1.0E-03 -3.576E-01 1.0512E-01 4.6766E-01 -5.2078E-01 4.0957E-01 4.2823E-01
1.0E-03 -1.0292E-01 2.2586E-01 -9.2893E-02 -4.6618E-02 -2.2735E-01 8.7582E-02
1.0E-03 7.3601E-02 1.322E-01 -4.7712E-02 3.9844E-01 9.6723E-01 -3.7158E-01
1.0E-03 -1.7567E-01 2.4266E-01 5.942E-01 -1.0735E-01 -7.0984E-01 2.5571E-01
1.0E-03 7.0332E-01 2.3552E-01 4.796E-01 7.2066E-01 -1.4001E-01 3.4131E-01
1.0E-03 5.7016E-01 -5.3623E-01 5.2846E-01 9.1645E-02 -2.699E-02 1.1108E-01
1.0E-03 -9.6187E-02 1.6891E-02 3.6579E-01 -8.2829E-01 -2.7029E-01 5.1245E-01
1.0E-03 1.7893E-01 -4.5187E-01 -3.0799E-02 1.1135E00 2.129E-01 -5.6993E-01
1.0E-03 1.3139E-01 -5.5387E-01 -5.7813E-01 2.8826E-01 -3.5436E-01 1.6497E-01
1.0E-03 2.0799E-01 1.5131E00 7.7703E-01 -4.7001E-01 1.0779E-01 4.6135E-01
1.0E-03 -7.2999E00 -4.1577E00 5.9329E-01 2.8985E-01 1.2346E-01 -1.1065E-01
1.0E-03 -1.3665E-01 -1.9249E-01 -5.1591E-01 -5.0615E-01 2.6108E-02 -7.7616E-01
1.0E-03 5.7539E-01 2.0755E-02 9.7257E-02 1.5509E-01 -2.1209E-03 4.7958E-01
1.0E-03 -9.9043E-02 7.3497E-01 2.3535E-01 -3.7432E-01 1.3049E-01 -1.7531E-01
1.0E-03 -5.0527E-01 -3.7103E-01 -1.5374E-01 2.1226E-01 8.4427E-01 -5.3549E-01
1.0E-03 -9.3889E-02 1.3355E-01 2.9703E-01 4.6702E-01 -7.4844E-01 3.3215E-01
1.0E-03 -5.3432E-02 4.4147E-01 2.1652E-01 -4.8467E-01 -2.9047E-01 2.2227E-01
1.0E-03 4.8644E-01 -3.42E-01 4.489E-01 3.71E-02 2.4034E-01 -4.9608E-01
1.0E-03 -5.5771E-01 -1.5668E00 2.6913E-01 -8.1642E-02 -5.3622E-01 4.5973E-01
1.0E-03 3.003E00 2.5185E00 1.9829E00 6.3783E-02 2.7627E-01 1.7762E-01
1.0E-03 -2.343E-01 1.147E-02 2.7631E-01 -3.7877E-01 -6.0963E-01 -5.9474E-01
1.0E-03 4.0018E-01 -1.5691E-01 1.8719E-01 4.0256E-01 1.3568E-01 3.3694E-01
1.0E-03 -7.091E-01 -1.1951E00 -8.7266E-01 8.7379E-02 1.1224E-01 -8.2013E-02
1.0E-03 8.355E-01 8.2848E-01 2.8833E-01 1.7446E-01 2.8982E-01 -1.6346E-01
1.0E-03 3.0717E-01 -4.6009E-01 -5.1073E-02 -6.413E-01 -7.6053E-01 1.7854E-01
1.0E-03 7.5537E-01 5.6956E-01 -1.0545E00 1.0898E-01 2.7322E-01 -8.1997E-01
1.0E-03 2.9697E-01 -1.9893E-01 -1.7208E-01 2.269E-02 -5.6656E-01 1.2441E-01
1.0E-03 -2.9656E-01 -7.3682E-01 -2.6236E-01 4.3732E-01 2.3791E-01 -3.2717E-01
1.0E-03 1.7251E-01 -3.5756E-02 -8.0916E-01 5.3836E-02 -2.3701E-01 7.22E-01
1.0E-03 9.112E-01 9.6322E-01 -1.3297E00 -3.2031E-02 -7.4618E-02 1.9042E-01
1.0E-03 2.4971E-01 -4.6722E-01 -1.305E00 -1.3496E-01 -9.0605E-02 -2.8719E-01
1.0E-03 -7.8243E-01 2.8078E-01 4.2506E-02 -4.7646E-01 -3.914E-01 -3.7932E-02
1.0E-03 -6.7045E-01 -1.3619E-01 -1.1352E00 -5.7826E-01 1.2245E-01 8.1362E-03
1.0E-03 6.927E-01 6.0705E-01 -3.6318E-01 1.4631E-02 2.7994E-01 4.4723E-01
1.0E-03 -2.1636E-01 -2.9727E-01 -3.0582E-02 7.4806E-01 2.1577E-01 7.1961E-01
1.0E-03 -4.7785E-01 -2.4672E-01 8.421E-01 -6.2722E-01 -3.732E-01 8.3183E-03
1.0E-03 -2.1507E-01 5.2734E-01 -4.901E-01 -7.348E-03 3.3022E-01 2.8408E-01
1.0E-03 -1.3054E-01 -3.2868E-01 3.9972E-01 4.1108E-01 1.1774E-01 -2.5747E-01
1.0E-03 3.6854E-01 7.0235E-02 2.6945E-01 7.0678E-02 6.4278E-01 -9.0449E-01
1.0E-03 -7.5262E-01 6.5132E-01 3.5391E-01 -1.1756E-01 4.4463E-01 4.25E-01
1.0E-03 4.0929E00 -1.3173E00 9.7718E-01 1.6126E-01 1.9652E-01 3.085E-01
1.0E-03 -8.4163E-01 6.0333E-01 -3.1769E00 -3.1289E-01 1.7123E-01 -2.3876E-02
1.0E-03 4.4479E-02 3.6571E-01 -5.0816E-01 1.9994E-01 -3.2288E-01 6.3036E-01
1.0E-03 5.1367E-02 -1.1075E-01 -2.3569E-01 -8.0506E-03 -1.2987E-01 4.2155E-01
1.0E-03 -2.3275E-02 -6.5237E-01 1.7019E-01 -4.7581E-01 5.508E-02 -5.2145E-01
1.0E-03 6.5269E-02 -2.8155E-02 4.5635E-01 2.3655E-01 3.2256E-01 7.1451E-01
1.0E-03 -2.2009E-01 -1.9243E-01 -1.164E00 1.7511E-01 1.0548E-01 -1.8703E-01
1.0E-03 4.2843E-01 -3.6766E-02 -1.5616E00 -4.7523E-01 -5.2054E-01 -7.349E-02
1.0E-03 1.034E00 2.4247E-01 -3.1663E00 -1.179E-01 1.7242E-01 2.873E-01
1.0E-03 4.871E00 -4.4397E00 5.722E00 5.667E-02 4.7444E-02 -1.8033E-01
1.0E-03 7.7249E-01 7.5184E-01 3.1375E-01 -3.3693E-01 3.9485E-01 5.9163E-01
1.0E-03 -4.2171E-01 1.902E-01 5.1163E-01 -6.809E-02 2.115E-01 -5.4466E-01
1.0E-03 1.4743E-01 -6.898E-02 -8.0698E-01 4.8142E-01 -5.6934E-01 -2.6243E-01
1.0E-03 1.3218E-01 -5.7563E-01 1.045E00 -1.2046E-01 -1.9329E-01 3.4933E-01
1.0E-03 -1.381E00 -1.9156E00 -2.0654E00 -1.3411E-01 -3.8976E-02 1.1462E-02
1.0E-03 -7.0538E-02 -8.2239E-02 -5.275E-01 -3.2844E-01 3.2406E-01 2.854E-01
1.0E-03 -4.046E-01 5.052E-01 5.2332E-01 -5.646E-01 4.2642E-01 -6.6129E-01
1.0E-03 4.8351E-01 -3.3708E-01 -1.7188E-01 1.1562E-02 4.947E-01 -1.9747E-02
1.0E-03 5.43E-01 -1.6222E00 8.025E-01 -3.5928E-01 -5.2988E-01 1.6977E-01
1.0E-03 -2.6831E-01 -3.2557E-01 2.4826E-01 -1.4886E-01 1.5889E-01 -4.1371E-01
1.0E-03 3.4486E-01 1.2991E00 4.093E-01 -9.9008E-02 -4.6682E-01 -2.1418E-01
1.0E-03 2.3428E-01 -7.3803E-01 -6.4668E-01 -7.9514E-01 -2.1357E-02 2.8039E-01
1.0E-03 -2.9463E-01 -7.2838E-01 -1.5966E-01 1.1367E-01 5.7981E-01 2.393E-01
1.0E-03 1.4541E-01 -8.4254E-02 2.993E-01 3.3577E-01 -7.5046E-02 3.2745E-01
1.0E-03 -6.7883E-01 -1.1865E00 -4.7628E-01 3.1168E-01 -7.8842E-01 2.2406E-02
1.0E-03 5.6083E-01 1.9917E-01 -2.4947E-01 3.9336E-01 8.1539E-01 -4.4196E-01
1.0E-03 1.9682E-01 -4.6262E-01 6.7939E-02 6.601E-01 -2.7055E-01 6.7285E-01
1.0E-03 4.0118E-02 1.407E-01 1.0755E00 -2.9651E-01 1.9458E-01 1.9469E-01
1.0E-03 -6.9018E-01 4.2702E-01 -4.3132E-01 2.5515E-01 6.8171E-01 3.6219E-01
1.0E-03 1.0279E-01 9.7849E-01 1.1945E-01 -2.4287E-01 7.0991E-02 -4.2929E-01
1.0E-03 -1.9763E-01 -4.3038E-01 2.5811E-01 -4.2675E-01 -2.9955E-01 1.0662E-01
1.0E-03 4.7052E-01 -1.6594E-01 4.9777E-01 -4.1669E-01 -5.1483E-01 -3.3718E-01
1.0E-03 5.9426E-01 -8.4E-02 1.3139E00 1.9966E-01 -7.1684E-01 -2.5446E-01
1.0E-03 5.1807E-01 -6.2408E-01 -5.9876E-02 4.3247E-01 5.3628E-01 7.861E-01
1.0E-03 -1.5499E-01 5.4629E-01 -1.8926E00 2.8541E-01 -1.4596E-01 -1.3617E-01
1.0E-03 2.5639E-01 6.4119E-01 -4.0098E-02 -7.815E-01 9.9625E-01 -2.6334E-02
1.0E-03 -3.1773E-01 -3.1643E-01 -5.14E-01 1.7176E-02 -1.2325E-01 7.1708E-01
1.0E-03 2.7521E-01 -7.5081E-01 2.9187E-01 -1.3881E-01 -2.7987E-01 -2.9468E-01
1.0E-03 -2.0737E-01 -5.5718E-01 -8.4189E-02 8.9737E-02 -1.3273E-01 -4.3037E-01
1.0E-03 -1.03E-01 3.447E-01 4.1093E-01 4.0183E-01 -8.998E-01 3.6032E-01
1.0E-03 1.1926E00 3.6845E00 1.8087E00 1.1901E-01 3.8307E-01 -1.6397E-01
1.0E-03 -1.4071E-01 1.0743E-02 -8.1559E-01 -4.997E-01 1.7132E-01 8.2226E-02
1.0E-03 -1.7693E-01 1.2636E-01 1.2818E-01 9.1425E-01 6.6497E-02 1.051E-01
1.0E-03 6.8978E-01 -1.1087E00 3.2954E-01 1.9992E-01 -1.9695E-01 -6.891E-01
1.0E-03 4.6236E-01 -5.3769E-01 -3.8036E-01 2.6407E-01 1.852E-01 -7.1901E-01
1.0E-03 -2.1892E-02 3.212E-01 3.2832E-01 9.0688E-01 -4.0129E-02 -2.5356E-01
1.0E-03 -3.6695E-01 -4.3487E-01 2.1073E-01 -7.3875E-01 5.1841E-01 -5.8749E-01
1.0E-03 -6.1743E-01 6.9044E-01 2.4951E-01 -4.0209E-01 2.8358E-01 -4.6055E-01
1.0E-03 1.5005E-01 -1.7455E-01 -6.7557E-01 3.0518E-01 5.6154E-01 -1.3315E-01
1.0E-03 -1.0916E00 -2.5954E00 -1.2236E00 4.2433E-02 2.8438E-01 4.7483E-01
1.0E-03 1.0608E00 5.257E-01 9.8024E-01 3.1324E-01 8.598E-02 -1.5792E-01
1.0E-03 -1.667E-01 7.3225E-01 -2.8974E-02 1.9621E-01 -2.8982E-01 -1.4225E-01
1.0E-03 -9.4587E-01 -1.4122E-01 -2.153E-01 1.8999E-01 8.6208E-02 -2.1439E-01
1.0E-03 -1.5133E01 -3.6409E-01 1.1972E01 -9.5744E-02 -2.3139E-01 4.4845E-02
1.0E-03 1.5191E-01 -6.067E-03 6.791E-01 1.9595E-01 -4.2868E-01 9.5658E-01
1.0E-03 -5.2251E-01 -1.3694E00 9.091E-01 -3.1037E-01 1.3303E-01 -1.1648E-01
1.0E-03 -1.1596E-02 1.3007E00 4.4599E-01 -8.4492E-02 1.0016E00 1.6016E-02
1.0E-03 2.227E00 3.5713E00 1.326E00 2.1957E-01 -1.8177E-01 1.814E-01
1.0E-03 -4.6703E-01 3.8586E-01 -4.787E-01 5.7663E-01 5.1395E-01 4.205E-02
1.0E-03 8.8934E-01 8.4249E-01 1.6816E-02 -2.2065E-01 6.482E-02 3.8568E-01
1.0E-03 -2.9085E-01 8.0922E-01 1.1919E00 4.719E-01 3.3621E-01 2.2944E-01
1.0E-03 3.6265E-01 -1.1059E-01 -1.2818E-01 8.7966E-01 -7.681E-01 4.0773E-01
1.0E-03 -6.9928E-02 -3.7307E-01 3.7914E-01 -2.3734E-01 1.7089E-01 7.3945E-01
1.0E-03 4.1135E-01 -3.045E-01 -2.7083E-01 -2.2941E-01 -1.0787E-01 6.4019E-01
1.0E-03 9.5437E-01 -8.357E-01 3.9247E-01 4.4775E-01 -2.1142E-01 -2.3811E-03
1.0E-03 -1.4277E-01 -3.9966E-02 2.3204E-02 -2.4077E-01 -1.0604E00 8.8275E-02
1.0E-03 3.4361E-01 -2.5793E-01 -5.1014E-01 -1.1622E-01 -4.2592E-01 -3.2319E-01
1.0E-03 -1.1832E-01 -2.7265E-01 1.5671E-01 7.8914E-01 -1.4767E-02 -3.6882E-01
1.0E-03 -1.7591E-01 -1.5081E-01 -2.0542E-01 3.1029E-02 1.0835E-01 1.0736E00
1.0E-03 3.1868E-01 4.9052E-01 1.3332E-01 -5.6739E-02 3.308E-01 -7.4062E-01
1.0E-03 6.9801E-01 -5.6852E00 -1.5502E-01 5.6736E-03 -3.602E-01 3.8922E-02
1.0E-03 1.0569E-01 -1.2587E00 -3.883E-01 -4.0402E-01 1.0301E-01 -8.12E-02
1.0E-03 -2.3104E-01 -1.3467E-01 -2.1692E-02 3.3881E-01 -8.0097E-02 6.0589E-01
1.0E-03 -3.8441E-01 2.8894E-01 -5.7626E-01 7.061E-01 3.3501E-01 -5.7778E-01
1.0E-03 -8.9432E-02 -1.6394E-01 -2.0684E-01 8.0639E-02 8.372E-01 6.4314E-01
1.0E-03 -3.0768E-01 1.0922E-02 -2.5461E-01 -7.4847E-01 -4.984E-01 7.7015E-01
1.0E-03 -1.9131E00 -1.0727E-01 1.1957E00 6.3511E-02 1.9369E-01 -2.6651E-01
1.0E-03 9.4209E-01 -3.7417E-01 -2.6421E-01 1.0616E-01 7.3882E-02 -4.1355E-01
1.0E-03 -1.1062E-01 1.4735E00 -1.1277E00 1.6333E-01 -6.8531E-02 -6.4321E-01
1.0E-03 7.1383E-02 6.8138E-01 5.1943E-01 3.2302E-01 -5.7775E-02 2.0887E-01
1.0E-03 2.8113E-01 3.1101E-01 1.0362E00 4.6008E-01 5.7265E-03 5.94E-01
1.0E-03 5.3774E-01 1.4517E-01 9.6317E-02 -4.5091E-01 8.8093E-01 -7.325E-01
1.0E-03 -2.6106E-01 5.2157E-01 2.8402E-01 -2.5996E-01 -3.8353E-01 -2.7081E-01
1.0E-03 1.0416E00 4.3788E-01 6.9716E-01 1.9473E-01 8.4065E-02 -7.1022E-01
1.0E-03 -5.3306E-01 -5.2487E-01 -2.1783E-02 -2.4305E-01 2.5674E-01 -3.5658E-01
1.0E-03 3.9041E-01 -3.8389E-01 -1.0588E00 -4.8922E-01 -9.255E-02 -1.1637E-01
1.0E-03 -2.4749E-01 4.1171E-01 2.2191E-01 -8.0988E-02 2.9476E-01 7.7299E-01
1.0E-03 -5.449E-01 3.2392E-01 1.831E-01 -3.0589E-01 2.7376E-01 -2.4437E-01
1.0E-03 -2.1367E-02 7.7161E-02 -8.8878E-01 1.4534E-01 6.8741E-02 4.4051E-02
1.0E-03 -1.4427E00 -6.7251E-01 6.3151E-02 2.8243E-01 5.1096E-01 3.8838E-01
1.0E-03 -3.0461E-01 -1.246E-01 -4.0468E-01 -4.4077E-02 -6.6299E-02 1.2134E00
1.0E-03 -5.3514E-01 -4.1786E-01 -3.9732E-01 -2.6043E-01 -6.7379E-03 -9.1124E-01
1.0E-03 -5.2831E-01 -2.1061E-01 8.5901E-01 5.6988E-01 -2.4999E-02 -2.9885E-01
1.0E-03 -3.7021E-01 -1.7433E-01 -1.9068E00 9.5561E-02 -2.8569E-01 3.9068E-02
1.0E-03 -8.2597E-01 -1.5496E00 -1.2749E-01 -4.3772E-01 1.5345E-01 3.2313E-01
1.0E-03 -3.7103E-01 1.1809E-02 3.1144E-01 2.4702E-01 8.3478E-02 -1.6539E-01
1.0E-03 -7.4602E-01 -2.4447E-01 2.4385E-01 -2.2404E-01 2.8968E-01 -2.8389E-01
1.0E-03 1.3497E-01 -4.6008E-03 -1.5529E-01 2.2421E-01 6.1864E-01 -1.4828E-01
1.0E-03 -3.4781E-01 -9.2644E-01 1.0328E00 3.935E-02 3.7319E-01 -1.5361E-01
1.0E-03 3.4926E-02 1.2572E00 -2.3326E00 3.6418E-01 2.8497E-02 3.7713E-01
1.0E-03 6.1381E-02 1.1438E00 7.3497E-01 -1.3721E-01 3.9953E-02 8.7552E-02
1.0E-03 -2.5006E-02 -3.022E-01 2.4068E-01 9.0058E-01 -5.3299E-01 4.6843E-01
1.0E-03 -2.0152E-01 -7.0092E-01 6.3427E-01 1.1536E-01 -4.1956E-01 -1.4675E-02
1.0E-03 3.4537E00 6.0227E00 2.9903E00 2.6629E-02 1.1895E-01 5.0136E-02
1.0E-03 1.1638E-01 2.1969E-01 -8.1312E-04 5.9518E-01 8.8059E-01 4.304E-01
1.0E-03 1.0876E00 -3.2736E-01 2.4202E-02 1.9107E-01 5.9439E-01 -1.5124E-01
1.0E-03 -2.9953E-02 -1.5563E-01 1.3775E-01 3.6058E-01 -1.0942E-01 2.0822E-01
1.0E-03 -8.7138E-02 1.0143E-01 1.8187E-01 -6.6141E-01 -2.5378E-02 8.3527E-01
1.0E-03 -8.1765E-02 -9.6331E-02 3.6538E-01 -1.2864E-01 -5.1585E-01 3.6483E-01
1.0E-03 -7.1682E-01 7.7334E-01 9.2636E-01 -1.5877E-01 -2.3062E-02 -4.7366E-01
1.0E-03 -1.0334E01 -9.7879E-01 -6.7756E00 4.2083E-02 -1.0525E-01 -4.6757E-02
1.0E-03 1.2896E00 -1.1319E-01 1.2588E00 -1.6634E-01 6.2959E-01 4.5231E-01
1.0E-03 1.1685E00 -4.1194E-01 1.3218E00 3.3125E-01 -1.2274E-01 -1.1866E-01
1.0E-03 1.5497E-01 -4.4506E-01 6.6825E-01 -1.167E-01 -1.8432E-02 5.1621E-03
1.0E-03 2.664E-01 1.4523E00 -2.0811E-01 2.1271E-02 3.6142E-01 5.4192E-01
1.0E-03 -4.8251E-01 4.503E-01 -2.2467E-01 1.6991E-01 -8.2154E-01 3.1076E-01
1.0E-03 -6.795E-01 8.0129E-02 -1.8867E-01 4.9636E-01 -1.4567E-01 -1.4506E-01
1.0E-03 2.6637E00 6.9982E-01 -1.2143E00 -7.0636E-02 4.8799E-01 -1.2565E-01
1.0E-03 8.0232E-02 -3.2052E-01 -7.9749E-03 8.2007E-02 2.5843E-01 -1.013E00
1.0E-03 -9.4024E-02 -4.0509E-01 5.4664E-01 2.35E-02 -4.2757E-01 2.2281E-01
1.0E-03 1.4358E00 2.4355E-01 9.663E-01 -1.1976E-01 -1.6004E-01 -3.1664E-01
1.0E-03 3.3778E-02 2.1675E-01 6.3648E-01 -5.1106E-01 -5.6626E-01 1.8101E-01
1.0E-03 -6.2992E-01 -1.3507E-01 -2.6328E-01 -2.5834E-01 -7.2972E-01 3.413E-01
1.0E-03 -6.43E-01 2.6438E-01 6.9037E-03 -1.2096E-01 1.3308E-01 -2.1062E-01
1.0E-03 2.093E-01 1.0127E00 3.5688E-01 -2.9284E-01 4.5797E-01 3.3424E-01
1.0E-03 -8.5357E-01 -7.4463E-01 -1.1774E00 2.0576E-02 5.9682E-02 -2.3472E-01
1.0E-03 7.4002E-01 -4.729E-01 -1.123E-01 4.9147E-01 7.3482E-01 -2.234E-01
1.0E-03 -3.4548E-01 5.6633E-01 -6.9634E-03 -1.5351E-01 -2.0758E-01 2.8089E-01
1.0E-03 -1.3236E-01 5.8206E-01 -4.1128E-01 -5.7824E-01 -4.3068E-01 -6.0689E-01
1.0E-03 -1.8944E-01 -1.9975E-01 1.2304E-01 5.0132E-01 7.4567E-02 1.0979E00
1.0E-03 -8.1112E-01 8.0392E-01 1.4906E-01 -7.9662E-01 -3.9897E-01 -3.6004E-02
1.0E-03 -1.5839E00 5.2791E-02 -4.5011E00 -8.7357E-02 1.3985E-02 1.171E-01
1.0E-03 6.4489E-02 2.8496E-01 -9.6395E-02 -5.811E-01 8.0129E-01 3.1091E-01
1.0E-03 4.0629E-01 -2.921E-02 3.9962E-01 -2.2394E-01 1.4282E-01 2.1326E-01
1.0E-03 -6.3085E-01 3.0699E-01 8.2237E-01 -5.3584E-02 3.3672E-02 9.6549E-02
1.0E-03 3.8657E-02 2.1414E-01 1.4846E-02 -3.2239E-01 3.492E-01 -2.8811E-01
1.0E-03 -2.3806E-01 1.0895E00 -5.2337E-01 3.0987E-01 -8.1088E-01 -2.4588E-01
1.0E-03 6.8264E-01 -5.0691E-01 -1.3909E-01 3.0218E-02 -4.9466E-01 1.6809E-01
1.0E-03 3.1179E00 3.1373E-01 -3.2995E00 1.5315E-01 -9.4613E-02 -1.3644E-01
1.0E-03 -3.1112E-01 8.0169E-02 -8.8381E-02 1.0452E-01 -3.7965E-01 3.2549E-01
1.0E-03 3.875E-01 3.7838E-02 4.2202E-01 2.4865E-01 -3.5555E-01 -2.1824E-01
1.0E-03 -4.4897E-01 1.2082E-01 7.9437E-02 2.4174E-01 -2.8674E-01 9.1949E-03
1.0E-03 9.1863E-02 4.2427E-01 -6.2352E-01 -1.3611E-01 7.0431E-01 -4.2519E-01
1.0E-03 1.6751E-01 8.9804E-01 -8.5173E-01 -6.3638E-02 2.3167E-01 -1.1654E-01
1.0E-03 -6.1565E-01 3.4379E-02 -4.7386E-01 -1.0214E-01 3.0194E-01 4.508E-01
1.0E-03 -1.9676E-01 -1.1291E00 -7.4806E-01 4.1935E-01 1.7678E-01 2.8924E-01
1.0E-03 1.5458E-01 -2.4725E-01 3.3975E-01 2.5523E-01 1.2725E-01 -6.1111E-01
1.0E-03 7.2751E-01 2.5376E00 2.1865E00 -2.9704E-01 -1.7759E-01 -1.247E-01
1.0E-03 6.2643E-02 -7.9332E-01 -5.5181E-01 9.1996E-02 -2.7291E-01 -1.5317E-01
1.0E-03 -1.037E-01 -1.723E-02 -9.4086E-02 -6.968E-01 -3.3995E-01 1.7639E-01
1.0E-03 -3.4308E-01 -1.7177E-01 5.3301E-02 -3.6437E-01 -6.9784E-01 2.8966E-01
1.0E-03 7.3162E-01 -1.3181E-01 8.3995E-01 -4.4958E-01 -3.2905E-01 6.4415E-01
1.0E-03 -3.4648E-01 1.0613E00 4.1467E00 1.7589E-01 -3.0634E-01 -3.149E-01
1.0E-03 3.4688E-01 -7.3227E-02 4.2389E-01 -5.5266E-01 7.1835E-01 2.4832E-01
1.0E-03 4.5976E00 -3.9217E00 -4.9406E00 4.6111E-02 3.273E-01 -9.087E-02
1.0E-03 1.9376E-01 1.1854E-01 1.0464E00 6.0127E-01 -3.6658E-01 -5.0343E-01
1.0E-03 -1.0822E-01 5.0374E-01 3.7118E-01 -4.0195E-01 4.9947E-01 1.6667E-01
1.0E-03 -3.9648E-01 -5.4821E-01 2.5519E-01 -1.6055E-01 5.8657E-01 2.6296E-01
1.0E-03 -2.3529E00 -9.9823E-01 -2.6073E-01 -1.2432E-01 -2.2023E-01 -2.9727E-01
1.0E-03 -2.6898E-01 -1.8287E-01 -5.6284E-02 -2.9951E-01 -9.2749E-01 6.3425E-01
1.0E-03 -1.0853E00 -7.5885E-01 -5.896E-01 -3.2204E-01 -2.9012E-01 -3.8042E-01
1.0E-03 -3.9937E-01 -1.8341E-01 1.7475E-01 -2.5591E-01 -2.3847E-01 -2.4454E-01
1.0E-03 4.762E-01 -6.1037E-02 -7.9018E-02 6.1466E-01 7.9264E-01 -1.2162E-02
1.0E-03 2.6357E-02 1.4572E-02 3.0383E-02 -6.9376E-03 -7.2405E-01 -8.0976E-01
1.0E-03 -2.012E-01 -2.1742E-01 -3.5806E-01 -7.183E-01 3.408E-01 -5.5066E-02
1.0E-03 -2.6627E-01 6.932E-01 -3.0544E-01 2.1129E-01 -3.7775E-01 -5.2573E-01
1.0E-03 -6.6431E-01 -8.5898E-01 8.2764E-01 -1.0043E-01 -5.6082E-02 5.5162E-01
1.0E-03 -3.5746E-01 -1.5333E-01 8.4866E-02 -6.5479E-01 -7.2625E-02 1.5766E-01
1.0E-03 -2.6426E-01 1.2695E-01 7.2748E-01 1.0834E-01 1.4835E-01 -4.8998E-01
1.0E-03 -4.11E-01 -1.2433E-01 -4.0839E-01 -2.3374E-01 2.3175E-01 -8.7565E-02
1.0E-03 -2.1986E-01 -1.2439E-01 3.748E-01 4.4967E-01 -1.1006E-01 6.614E-02
1.0E-03 1.6321E00 -2.271E-01 -4.9913E-01 -2.3191E-01 1.1923E-02 2.1116E-02
1.0E-03 3.9855E-01 -7.0246E-02 -1.1279E-01 3.0404E-01 7.6103E-01 3.4113E-01
1.0E-03 1.2878E00 9.8752E-01 -6.5674E-01 -1.3451E-01 -2.4636E-01 2.3993E-01
1.0E-03 -8.0805E00 1.2759E01 -7.1787E00 1.8206E-02 8.3503E-02 -9.2027E-02
1.0E-03 -2.3684E00 -4.4671E00 -9.3699E00 -2.0431E-01 -5.8572E-02 -1.2361E-01
1.0E-03 -3.8406E-01 2.7762E-01 5.589E-01 -4.749E-01 7.5157E-01 -3.2188E-01
1.0E-03 -1.1756E00 1.531E-01 -1.2376E00 -6.417E-02 2.5393E-03 -1.9315E-01
1.0E-03 1.8044E-01 -1.1739E00 -6.6941E-01 4.4271E-02 3.0993E-01 -1.1604E-01
1.0E-03 1.025E-01 -1.2479E00 -3.5553E-01 -4.5E-01 -3.4307E-01 9.4402E-02
1.0E-03 -1.7913E00 1.0851E00 9.9173E-01 1.7025E-01 -3.1684E-01 -2.6529E-01
1.0E-03 -4.7378E-02 9.2107E-02 4.2047E-01 -6.5795E-01 -6.7023E-03 -1.3222E-01
1.0E-03 4.4564E-01 -4.8117E00 -9.159E-01 1.8477E-01 -1.0631E-02 1.0384E-01
1.0E-03 -4.3069E-02 -1.9271E-01 -4.4139E-02 -8.2925E-02 -3.5269E-01 1.7067E-01
1.0E-03 3.7495E-01 -4.2567E-02 2.9193E-01 5.8924E-03 6.7538E-01 -5.2167E-01
1.0E-03 4.3352E-03 -4.0186E-01 9.5766E-01 1.1813E-01 -3.3078E-01 5.7084E-02
1.0E-03 -1.4128E-01 9.9224E-02 -2.1574E-01 9.2367E-02 -5.4172E-01 8.9655E-01
1.0E-03 -2.1294E-01 1.4924E-01 -4.1473E-01 2.3238E-01 -8.8603E-02 -2.4613E-01
1.0E-03 -8.9362E-02 5.1744E-01 5.2469E-01 1.9819E-01 5.6087E-03 3.8043E-02
1.0E-03 5.8026E-01 -1.4621E-02 1.0633E00 4.6703E-01 -1.0222E-01 1.685E-01
1.0E-03 -4.4491E-01 -8.9632E-02 -5.4151E-01 1.936E-01 3.6318E-01 -9.177E-01
1.0E-03 2.1169E-01 3.7195E-01 4.491E-01 -1.4347E-01 2.055E-01 -9.2911E-01
1.0E-03 -6.9562E-01 1.7002E00 1.2938E00 1.1056E-01 -2.5304E-01 1.9633E-01
1.0E-03 6.0348E-01 -1.0637E00 -9.0957E-02 -3.1014E-01 -2.0212E-01 2.0661E-01
1.0E-03 2.1944E-02 -1.8603E-01 -8.9422E-02 -5.0075E-01 3.8502E-01 -3.8883E-01
1.0E-03 5.1326E-01 2.538E-01 4.4921E-01 -3.6171E-01 -2.5727E-01 7.0036E-01
1.0E-03 6.2306E-02 9.2531E-03 7.8374E-03 1.3892E-01 3.2526E-01 -1.6181E-01
1.0E-03 -2.2545E-01 8.1756E-02 1.4767E-01 2.3322E-01 8.753E-02 -2.2155E-01
1.0E-03 -1.0863E-01 -3.0047E-02 -7.1313E-02 8.1122E-01 -5.615E-01 8.4216E-02
1.0E-03 5.6334E-02 -7.9367E-01 7.2565E-02 -4.3488E-02 -9.2705E-02 5.1625E-01
1.0E-03 -1.4829E-01 -7.6692E-02 3.7233E-02 7.2739E-01 9.3989E-01 -6.8913E-01
1.0E-03 7.6043E-01 -2.7939E-01 -2.0198E00 -2.7708E-01 -4.5314E-01 -4.1017E-01
1.0E-03 -4.9237E-01 2.5674E-01 -1.9618E-01 3.687E-01 3.7746E-01 -3.498E-01
1.0E-03 9.854E-01 -1.2895E00 -2.8669E-02 3.4746E-01 3.0356E-01 -4.3213E-01
1.0E-03 -2.4231E-01 -3.1957E-01 -2.3287E-02 -2.048E-01 4.7246E-01 -7.837E-01
1.0E-03 2.1823E-01 1.2439E-01 8.6236E-02 6.8862E-01 -7.1386E-02 -8.8353E-01
1.0E-03 1.7025E00 -6.831E-02 -1.5542E00 -2.7668E-02 -2.9318E-01 1.329E-01
1.0E-03 -3.0476E-01 -6.3213E-01 1.3585E-01 -4.7902E-01 -1.6291E-01 4.5074E-03
1.0E-03 1.4992E00 -6.9645E-01 -3.1724E00 4.206E-02 -1.3995E-01 -6.9547E-03
1.0E-03 2.6992E-01 9.1187E-02 5.2107E-01 -4.1135E-01 3.6581E-01 -4.9898E-02
1.0E-03 2.4375E-01 -3.8342E-01 -3.1484E-01 3.8454E-01 -8.2905E-01 5.7338E-01
1.0E-03 -2.2171E-01 -4.3131E-02 1.8986E-01 -3.0354E-01 1.0339E-01 -2.5297E-01
1.0E-03 -1.4269E00 -2.7959E-01 8.6329E-01 -3.2747E-02 1.2048E-01 3.8224E-01
1.0E-03 -6.3943E-01 9.0599E-01 -1.1111E-01 3.0635E-01 -1.6397E-01 6.5944E-04
1.0E-03 4.7841E-01 4.511E-01 2.8183E-02 6.8508E-01 -2.5616E-01 -1.078E-01
1.0E-03 -1.6171E-01 4.0504E-02 -3.9178E-02 -1.3213E-01 6.8914E-02 3.1023E-01
1.0E-03 1.7004E00 -2.5216E-01 -3.6425E-01 -6.8016E-01 -9.5664E-02 -1.6992E-01
1.0E-03 -7.0313E-01 2.6969E-02 -3.7145E-01 -4.4409E-01 4.5545E-01 -1.3627E-01
1.0E-03 -8.9912E-02 -1.2834E-01 -3.9878E-01 -9.4715E-01 3.2926E-01 -5.0662E-01
1.0E-03 1.4416E-01 5.5435E-02 -3.4025E-01 -5.8103E-01 5.9844E-02 5.3321E-03
1.0E-03 -7.0459E-02 6.1553E-01 -2.0955E-01 -2.7961E-01 3.4343E-02 -5.8022E-01
1.0E-03 -1.5877E00 3.9558E-01 9.7942E-01 -4.465E-01 -2.465E-01 -2.7131E-01
1.0E-03 -5.3752E-01 -1.7279E-01 1.7454E-02 -1.5752E-01 4.7788E-02 -4.6029E-01
1.0E-03 1.5874E-01 -5.8827E-01 -1.2774E-01 3.1005E-01 2.034E-01 -1.3002E-01
1.0E-03 -2.0275E-01 2.6109E-01 -2.6629E-01 8.8354E-01 -6.4123E-01 -1.3187E-01
1.0E-03 -3.7132E-01 -4.4876E-01 2.8128E-01 1.8912E-01 -5.7072E-01 -5.9579E-01
1.0E-03 8.408E-02 -1.4875E-01 1.863E-01 3.5984E-03 1.4946E-01 3.3306E-01
1.0E-03 -1.6413E-02 1.72E00 -2.6868E-01 1.0772E-01 -3.0386E-01 3.1658E-01
1.0E-03 9.2144E-01 -5.3397E-01 7.5665E-01 -5.9008E-01 1.134E-01 2.8094E-01
1.0E-03 5.4565E-02 -2.3961E-01 -4.2007E-02 -6.1487E-02 -9.4957E-02 3.4655E-01
1.0E-03 2.5972E00 -3.9641E00 1.2233E00 2.7558E-01 -2.9421E-01 1.2204E-01
1.0E-03 3.1097E-01 -1.2203E-01 -8.9442E-01 4.8271E-01 -7.9147E-03 3.7978E-01
1.0E-03 -3.3356E-01 4.5279E-01 -4.4506E-01 8.6008E-01 2.5485E-02 5.4485E-02
1.0E-03 -8.4351E-01 -1.2125E-02 1.7934E-02 -2.5611E-01 -4.9327E-01 -4.6525E-01
1.0E-03 -4.7114E-01 -7.0435E-01 6.6503E-01 6.0726E-02 3.9492E-01 -1.887E-01
1.0E-03 -2.0781E-01 -1.8526E00 1.8185E00 2.785E-01 -3.156E-01 -1.1561E-01
1.0E-03 -1.4807E-01 1.5945E00 -1.0637E00 -6.9388E-02 -2.9628E-01 9.6501E-02
1.0E-03 3.2669E-01 -4.3945E-01 -4.5825E-01 7.7587E-01 -3.4511E-01 2.3904E-02
1.0E-03 -3.4644E-01 5.7931E-01 8.2113E-02 -5.7573E-01 -3.6007E-01 3.9547E-01
1.0E-03 1.5966E-01 8.5129E-01 -1.9525E-02 -6.9459E-01 -2.4849E-02 -5.6807E-02
1.0E-03 -2.1672E-01 2.713E-01 -1.5245E-01 4.6387E-03 1.0827E-01 -7.2987E-02
1.0E-03 -6.1161E-01 -9.3692E-03 1.4339E-02 2.38E-01 -2.9905E-02 1.1153E-01
1.0E-03 -1.292E-01 7.4448E-01 -9.7025E-01 5.946E-02 -6.282E-01 -7.3687E-01
1.0E-03 -3.1008E-01 1.3574E-01 -2.2762E-01 -3.7604E-01 3.4784E-01 -4.2898E-01
1.0E-03 -8.4979E-02 -1.7191E-01 -5.1416E-01 4.1341E-01 -3.6147E-01 5.231E-01
1.0E-03 -2.783E-02 6.8003E-01 8.0232E-01 2.0615E-01 -5.2778E-01 2.0418E-02
1.0E-03 3.3213E-01 -8.7663E-01 -4.6068E-01 4.2011E-01 2.1881E-01 -1.1456E-01
1.0E-03 8.4918E-01 1.1464E00 -8.8051E-01 3.4973E-01 5.6978E-01 4.2487E-01
1.0E-03 -2.734E-02 3.2691E-02 -1.5294E00 -2.8015E-01 5.2647E-01 1.5131E-01
1.0E-03 2.0397E-01 2.5524E-02 -2.243E-01 3.694E-01 -3.9044E-01 1.5822E-01
1.0E-03 -1.6263E-01 -3.0861E00 -7.8094E-01 4.5553E-01 4.9759E-02 4.3213E-01
1.0E-03 2.9408E-01 2.3246E-01 -2.928E-02 -2.2611E-02 -3.9775E-01 -1.0405E00
1.0E-03 4.2871E-01 1.5982E00 2.0205E-01 3.3699E-01 1.3674E-01 3.5993E-02
1.0E-03 -1.6203E-02 -6.9518E-02 -4.1341E-01 -3.1214E-01 1.5812E-02 4.12E-01
1.0E-03 -1.771E-02 7.2297E-01 5.1104E-01 -2.0843E-01 -1.749E-02 6.1181E-01
1.0E-03 8.096E-01 4.1857E-01 1.2086E-02 -1.593E-01 5.8445E-01 -3.3692E-01
1.0E-03 -1.0313E00 -8.0211E-01 3.3125E-01 2.6763E-01 -6.941E-01 -2.0637E-01
1.0E-03 1.0758E-01 4.3376E-02 1.8746E-01 -3.7521E-01 -5.8322E-01 3.8789E-01
1.0E-03 -1.5287E00 3.2959E-02 -2.5042E00 -1.9053E-02 -4.1935E-01 2.6232E-01
1.0E-03 1.6083E-01 1.6551E00 1.0149E00 -4.8669E-01 -6.8792E-02 3.2375E-02
1.0E-03 -4.7235E-01 -1.7671E-01 -1.8924E-01 -6.4938E-01 4.038E-01 -2.1369E-01
1.0E-03 1.4098E00 -1.5296E00 -1.1411E00 2.3385E-01 9.6067E-02 1.3615E-01
1.0E-03 -1.196E00 -1.7835E00 4.3231E-02 -2.474E-01 8.4906E-02 -1.5785E-01
1.0E-03 1.8787E-01 -7.1628E-01 2.6241E-01 3.8698E-01 -2.5445E-01 -9.7455E-02
1.0E-03 3.0053E-01 -1.3463E-01 -8.7871E-02 -7.9858E-01 -1.5482E-01 -9.3219E-02
1.0E-03 7.236E-01 -2.4513E-01 -1.6915E-01 -1.2082E-01 1.4023E-01 -3.6777E-02
1.0E-03 -1.0992E-01 1.7179E-01 1.9782E-02 1.7866E-01 -7.8087E-02 -3.6888E-01
1.0E-03 -6.1389E-02 -3.3267E-01 1.6771E-02 1.3442E-02 6.6328E-01 1.9803E-01
1.0E-03 -2.5621E00 -1.6304E00 1.3546E00 6.2029E-02 1.1533E-01 1.6984E-01
1.0E-03 1.9744E-01 -4.1742E-03 3.6029E-01 4.4424E-01 -2.8595E-02 -8.6604E-01
1.0E-03 -1.1311E00 -1.5891E00 1.7425E00 1.8206E-01 2.6161E-01 3.5642E-01
1.0E-03 -5.0166E-01 -3.4821E-01 2.4467E-01 -9.7807E-01 1.2823E-03 4.8846E-01
1.0E-03 -2.6073E-01 -1.7573E-01 7.1112E-01 -1.2126E-01 -3.578E-02 2.4211E-01
1.0E-03 -9.9296E-01 -1.2176E00 1.1582E00 1.472E-01 -9.7459E-03 1.9873E-01
1.0E-03 5.6887E-01 -3.2709E-01 -7.6494E-02 2.7614E-01 5.25E-01 2.1552E-01
1.0E-03 -2.1767E00 -3.4738E-02 6.5087E-01 -1.657E-01 -1.7238E-01 6.9982E-01
1.0E-03 4.1035E-02 -2.9481E-03 -2.2264E-01 9.4137E-01 -8.7873E-02 -1.0098E-01
1.0E-03 -2.4146E00 -2.7388E00 -8.3022E-01 2.7148E-01 3.8229E-02 -3.0095E-01
1.0E-03 4.7278E-03 -3.6096E-01 7.8319E-02 -9.0703E-01 -4.4018E-01 1.2124E-02
1.0E-03 -5.256E-01 -5.7677E00 3.9058E00 -8.2596E-02 -6.9662E-02 -3.545E-01
1.0E-03 -2.9008E-01 5.8023E-01 3.5997E-01 5.855E-01 6.6017E-03 6.4225E-01
1.0E-03 6.9216E-01 2.8166E-01 9.1354E-01 -4.7846E-01 -2.2252E-01 -1.5344E-01
1.0E-03 -3.1419E-01 1.1798E-01 6.1404E-02 7.0453E-02 2.194E-02 -1.0297E-01
1.0E-03 1.7349E-01 2.611E-02 2.9703E-01 3.5382E-01 2.5093E-01 1.3398E-01
1.0E-03 -6.9817E-01 6.0102E-01 -1.9814E-01 -5.4105E-01 7.2764E-01 1.3405E-01
1.0E-03 2.6857E-01 5.9653E-01 -1.0982E-01 -6.9402E-01 -3.9246E-01 -3.2766E-01
1.0E-03 3.954E-01 -9.9579E-01 -9.191E-01 -1.5992E-01 5.1926E-03 -1.4189E-01
1.0E-03 -4.8147E-01 3.2644E-01 -1.8594E-01 -4.522E-01 8.743E-01 7.4489E-01
1.0E-03 -8.8024E-02 -2.9245E-01 -4.8444E-01 1.0083E00 1.3798E-01 -2.0353E-01
1.0E-03 7.7517E-02 -6.0121E-02 2.4144E-01 -6.4881E-01 -8.5842E-01 -3.7322E-01
1.0E-03 6.1596E-01 -1.4961E-01 -5.1202E-01 -6.3835E-02 -8.2936E-01 -1.0419E-01
1.0E-03 -7.7171E-01 6.1923E-01 1.1993E-01 1.5789E-01 7.1465E-02 -2.8673E-01
1.0E-03 9.437E-01 -4.2707E-01 3.596E-01 -5.362E-01 7.664E-02 -2.0415E-01
1.0E-03 -2.2797E-01 -2.841E00 -2.5366E00 8.0631E-02 -4.3118E-01 -3.6077E-01
1.0E-03 3.3864E-01 3.5172E-01 -1.6784E-01 -5.1801E-01 -5.3576E-01 -1.0659E-01
1.0E-03 -8.5587E-01 8.4792E-01 -6.599E-01 4.0795E-01 2.0427E-01 -6.8253E-02
1.0E-03 -3.8802E-01 9.0945E-01 -6.3458E-01 -1.9458E-01 7.4978E-02 5.7555E-01
1.0E-03 2.7415E-01 -4.7466E-01 -9.8211E-01 -5.9028E-01 -1.172E-01 -1.8281E-01
1.0E-03 -3.3287E-01 1.9754E-01 1.0525E00 7.6347E-01 7.1769E-02 -2.9457E-01
1.0E-03 -3.7031E-02 -2.1737E-01 2.4571E-02 -6.4793E-01 -1.229E00 5.6752E-01
1.0E-03 -1.8587E-01 -1.0648E-01 -2.3558E-02 -9.1455E-01 4.8861E-01 -6.7984E-01
1.0E-03 2.8446E-01 -2.7278E-01 2.2088E-01 -1.4309E-01 4.4912E-01 5.291E-01
1.0E-03 3.3574E-01 3.7717E-01 -2.6339E-01 3.0729E-01 3.0198E-01 -1.464E-01
1.0E-03 -4.2685E-01 1.303E00 1.3342E00 -1.0127E-01 -9.317E-02 -3.1153E-02
1.0E-03 6.6876E-01 8.5571E-02 1.9161E-02 -6.2859E-02 5.1245E-01 -2.8404E-01
1.0E-03 -4.2127E-01 4.4664E-01 -4.0579E-01 -2.3866E-01 -8.0192E-01 -9.1379E-02
1.0E-03 1.0728E-01 3.7185E-01 2.215E-01 1.7276E-01 8.8423E-01 1.4861E-01
1.0E-03 -6.7836E-01 -1.3612E00 1.9917E00 8.633E-02 -2.8928E-01 -8.5207E-02
1.0E-03 -6.9812E-01 5.1435E-01 5.7771E-01 4.9213E-01 -5.8865E-01 5.8048E-01
1.0E-03 6.9302E-02 -1.8273E-01 1.0446E-01 6.8522E-01 -1.6477E-01 7.9363E-02
1.0E-03 -2.7027E00 2.6649E-01 -2.0175E00 -1.4783E-01 -7.1439E-02 -3.1511E-01
1.0E-03 -1.0755E-01 -1.7069E-01 4.4858E-01 -4.9523E-02 -3.5446E-01 -2.165E-01
1.0E-03 3.4309E-01 -1.6509E-01 3.155E-01 3.829E-01 3.0199E-01 8.3508E-01
1.0E-03 3.7962E-01 -1.8763E-01 3.4835E-03 3.3065E-01 5.6804E-01 2.9608E-01
1.0E-03 3.842E-01 9.4697E-01 -7.3244E-01 -1.029E-01 -1.2197E-01 -2.792E-01
1.0E-03 -1.225E-01 3.7537E-01 -1.8079E-01 1.9488E-01 8.9746E-01 -3.7476E-01
1.0E-03 6.4577E-01 -5.7664E-02 4.4818E-01 9.7892E-01 1.2348E-01 -3.546E-01
1.0E-03 3.8933E-02 -3.6309E-02 2.7981E-01 -1.0716E-01 3.9731E-01 1.3997E-01
1.0E-03 -1.173E00 4.2023E-01 1.1058E00 -7.8986E-02 -3.4614E-01 -5.9041E-01
1.0E-03 -3.2667E-01 -1.0821E-01 1.0436E-01 2.7796E-01 -6.2429E-01 4.5326E-01
1.0E-03 -1.5306E-01 4.1807E-01 -2.2662E-01 6.5673E-01 -7.788E-01 -7.7938E-01
1.0E-03 -2.4632E-01 3.1715E-01 1.573E-01 -4.1541E-01 5.4175E-02 -4.8508E-01
1.0E-03 1.9436E-01 -5.2625E-01 -9.7392E-01 -8.3209E-02 7.0753E-01 4.1228E-01
1.0E-03 -3.7412E-01 1.4892E00 1.4589E00 -1.5533E-01 2.1101E-02 -2.6423E-01
1.0E-03 6.177E-01 7.9606E-02 1.3923E00 -2.2562E-03 -3.6951E-01 2.7331E-02
1.0E-03 2.806E-01 1.912E-02 1.7061E-01 -8.7555E-01 4.5869E-01 -1.3688E-01
1.0E-03 -2.9183E00 2.8089E00 2.0125E00 -7.1228E-02 -2.1112E-01 4.1449E-01
1.0E-03 3.3735E-01 2.7215E-01 1.0326E00 1.2001E-01 -2.324E-01 -6.6711E-02
1.0E-03 -1.3704E-01 8.5105E-02 -1.5758E-01 3.0958E-01 9.6187E-01 -1.3004E-01
1.0E-03 2.4785E-01 -1.0547E00 -9.198E-01 2.5378E-01 -1.8203E-01 -5.75E-02
1.0E-03 -5.9663E-02 -7.8665E-03 2.8841E-01 6.4649E-01 -5.14E-01 -5.0905E-01
1.0E-03 -3.5268E-01 1.0721E-01 -5.5476E-01 4.0662E-01 3.6209E-01 2.6537E-01
1.0E-03 -3.9543E-01 2.8972E-01 5.8275E-01 -3.0302E-01 3.9215E-02 3.771E-01
1.0E-03 -1.1688E00 3.2799E00 -3.7039E-01 -3.1943E-01 1.7432E-01 1.1717E-01
1.0E-03 1.5516E-01 -6.8969E-02 -1.2259E-01 6.3869E-01 3.2013E-01 -5.7873E-01
1.0E-03 6.3044E-01 9.5242E-01 -2.636E-01 -5.8728E-01 4.1938E-02 3.8478E-01
1.0E-03 7.5416E-02 1.4505E-01 6.0527E-02 8.2996E-01 -8.0191E-01 -7.0801E-01
1.0E-03 -6.3033E-01 3.2614E-01 2.3495E-01 9.6764E-02 1.7713E-01 1.8819E-01
1.0E-03 -1.0779E00 1.9299E00 -5.8851E-02 3.8605E-01 4.2782E-01 -3.8639E-01
1.0E-03 -2.7564E-01 -7.3707E-01 1.3839E-01 -7.8689E-01 -1.8518E-01 3.0006E-01
1.0E-03 1.688E-01 3.3566E-01 -3.5107E-01 8.0618E-01 6.9E-01 5.2114E-01
1.0E-03 -2.8368E-01 -8.9505E-01 -2.7412E-01 -4.7654E-01 3.0556E-01 -1.6129E-01
1.0E-03 5.5468E-01 2.5049E-01 6.4822E-01 -3.925E-01 1.663E-01 -9.8481E-01
1.0E-03 -7.2835E-01 6.6295E-02 3.472E-01 3.2231E-01 3.8469E-01 -4.2648E-01
1.0E-03 1.0519E-01 -4.5479E-02 -1.0997E-01 7.216E-01 2.8083E-01 2.3231E-01
1.0E-03 3.4065E-01 4.9294E-01 2.8783E-01 4.0237E-01 4.5796E-01 -1.6953E-01
1.0E-03 1.1347E-01 -1.1199E-01 -1.6508E-01 8.0506E-01 -7.7162E-02 -4.5082E-01
1.0E-03 -3.1106E-01 1.3292E-01 1.7593E-01 1.9171E-01 2.8241E-01 -7.6343E-01
1.0E-03 1.9437E-01 2.9863E-01 -9.5965E-01 5.3974E-01 3.8555E-01 -4.4044E-01
1.0E-03 3.3927E-01 4.9312E-01 -4.8175E-01 8.2994E-02 4.4215E-02 -9.6568E-02
1.0E-03 -9.2695E-02 -7.9309E-02 8.3858E-02 1.8535E-01 1.1025E00 2.1739E-01
1.0E-03 -8.5373E-01 4.8846E-01 -5.8312E-01 -2.6481E-01 -3.3459E-01 -3.3335E-01
1.0E-03 -4.1432E-01 7.664E-01 3.7879E-01 1.66E-01 -3.6551E-01 1.3715E-01
1.0E-03 -1.1344E00 -2.325E-01 -4.2229E-01 5.8559E-01 -4.5539E-01 -5.7002E-01
1.0E-03 1.8977E-01 -6.0468E-03 3.9331E-02 5.2942E-01 -8.3458E-01 -9.6969E-01
1.0E-03 1.3444E00 1.2203E00 3.0961E-01 -6.1763E-02 3.2385E-01 -5.1062E-01
1.0E-03 9.4544E-01 -4.5756E-01 4.4765E00 -3.9582E-01 1.4504E-01 4.6679E-02
1.0E-03 6.161E-01 -4.2248E-01 -9.7233E-01 -2.0617E-02 4.8331E-01 5.1097E-02
1.0E-03 -4.3918E-01 -1.2756E-01 1.0754E-02 5.778E-01 -2.0052E-01 3.7201E-02
1.0E-03 -4.652E-01 2.8778E-02 2.8335E-01 1.2541E-01 -6.4995E-01 6.1134E-01
1.0E-03 -1.3606E-01 1.4705E00 -3.1584E-01 -2.6461E-01 -1.1698E-01 2.9688E-01
1.0E-03 -1.8734E-01 3.6436E-01 -9.6314E-01 7.0776E-01 7.7267E-02 -3.2483E-01
1.0E-03 -6.6291E-02 3.222E-01 3.2054E-01 -8.3235E-02 -5.0133E-01 -9.4685E-02
1.0E-03 -5.6988E-01 -3.5107E-01 1.9035E-01 4.9369E-01 6.2122E-01 -2.0969E-01
1.0E-03 -3.3091E-01 -5.8776E-01 -6.0534E-01 6.8465E-01 2.476E-01 -1.5221E-01
1.0E-03 -3.8967E-01 8.1107E-01 -5.1047E-01 -1.6756E-01 4.8605E-01 2.5618E-01
1.0E-03 -1.7255E-01 7.9613E-02 6.7226E-01 2.2781E-01 1.9627E-01 1.943E-01
1.0E-03 3.0113E-01 6.0612E-01 4.3338E-01 9.4147E-02 -6.1689E-01 3.1213E-01
1.0E-03 -3.4544E-02 -1.0977E-02 -3.0861E-01 2.2812E-01 7.1597E-01 -3.9879E-02
1.0E-03 -9.0988E-02 5.2148E-01 6.8121E-01 9.3708E-01 2.4376E-01 5.6684E-01
1.0E-03 2.872E00 8.2662E-01 3.9499E00 -1.2664E-01 -2.649E-02 3.8376E-01
1.0E-03 2.8012E-01 1.6375E-01 -3.4896E-01 3.5596E-01 -1.6695E-01 -6.4901E-01
1.0E-03 -2.4333E-01 -1.8531E-01 8.7883E-01 1.0589E-01 8.8519E-01 -1.6195E-01
1.0E-03 2.8318E-01 -8.7763E-01 -3.9922E-01 -2.6266E-01 -2.8111E-01 6.1039E-01
1.0E-03 -7.4334E-03 3.0306E-01 -4.7962E-01 8.2377E-01 -8.8537E-01 -4.4863E-01
1.0E-03 -5.8243E-01 -3.4833E-01 -1.6139E-01 1.8855E-01 -5.0099E-01 6.763E-01
1.0E-03 -3.8622E00 3.0748E-01 -1.2152E00 -1.2183E-01 -1.8564E-01 -3.1555E-02
1.0E-03 1.1264E-01 -7.7746E-03 -2.2352E-01 -2.9559E-02 3.9801E-01 7.3675E-01
1.0E-03 -2.2823E-02 9.3145E-02 4.656E-01 2.0318E-01 -5.3629E-01 -3.1296E-01
1.0E-03 1.6019E-01 -2.6427E-01 -1.6379E-01 -9.4428E-02 3.3515E-01 4.9905E-02
1.0E-03 -9.5403E-01 -9.0854E-01 -2.0641E-01 3.1926E-01 -1.4881E-01 4.8824E-01
1.0E-03 -8.2337E-02 -3.6284E-02 -2.9642E-01 4.4893E-01 5.3424E-01 -6.3482E-01
1.0E-03 -7.4646E-02 -1.7028E-02 -1.0819E-03 8.2771E-01 8.7545E-01 -1.0143E00
1.0E-03 9.3102E-01 9.5688E-03 -3.3372E-01 2.4338E-02 1.1256E-02 -2.0622E-01
1.0E-03 9.9639E-01 -2.1298E00 5.583E00 -1.4024E-01 3.6711E-03 -4.6962E-01
1.0E-03 4.3943E-01 5.5771E-02 1.2971E-01 3.4546E-01 8.3702E-03 -8.5283E-01
1.0E-03 -2.788E-01 1.4139E00 1.4871E-01 2.0331E-01 -5.989E-01 5.2394E-01
1.0E-03 -4.1599E-01 -2.5711E-01 1.1113E-01 -3.3431E-01 7.3729E-02 9.4008E-03
1.0E-03 3.3208E-01 4.5668E-02 3.0009E-01 3.623E-01 -8.8065E-01 -3.1972E-02
1.0E-03 -2.4495E-01 3.6266E-01 -1.0501E00 1.949E-01 -4.7699E-01 3.6665E-01
1.0E-03 -6.2771E-01 -9.5857E-01 1.3699E00 1.4032E-02 3.1775E-01 -3.8326E-01
1.0E-03 7.6368E-01 5.8272E-01 2.7135E-01 1.9581E-01 2.4998E-01 -3.9813E-02
1.0E-03 -9.0218E-01 3.7758E-01 1.8198E-01 -4.3409E-01 -1.2403E-01 -6.1453E-01
1.0E-03 5.3063E-01 4.9539E-01 5.6952E-01 -4.0709E-01 6.4359E-01 1.0376E-01
1.0E-03 -3.9593E-01 -2.7861E-01 1.0173E00 -7.23E-02 -4.2687E-01 2.0562E-01
1.0E-03 -4.0402E-01 3.7153E-01 2.5362E-01 7.6156E-01 -2.4531E-01 -2.1856E-01
1.0E-03 3.4566E-01 5.1022E-01 -5.4522E-01 7.2326E-01 5.3446E-01 -7.8555E-02
1.0E-03 -4.6029E-01 -1.808E-01 -2.2284E00 4.7717E-01 -1.2638E-01 2.888E-01
1.0E-03 -1.5059E00 7.4396E-01 2.7146E-01 -4.1404E-02 -3.771E-01 8.0893E-02
1.0E-03 1.2317E00 1.5772E01 9.9416E00 9.9051E-02 -1.3431E-02 -1.4617E-01
1.0E-03 3.127E-01 8.4893E-01 -3.0411E-02 -2.7737E-01 -1.8559E-01 1.1927E-01
1.0E-03 -1.1029E00 1.5467E00 2.2473E-01 3.9702E-01 -3.1981E-01 3.098E-01
1.0E-03 -1.7976E-01 -9.5209E-01 -4.6935E-02 -2.1425E-01 -2.2941E-01 1.3878E-02
1.0E-03 -5.1457E-01 1.0438E-02 -2.7216E-02 -9.3841E-01 9.8167E-02 1.7849E-01
1.0E-03 3.9009E-01 -2.3976E-01 -7.0817E-01 -8.7133E-02 6.9463E-01 -4.3478E-01
1.0E-03 -1.1851E00 -1.2064E00 4.5333E-01 4.4077E-01 1.669E-01 -2.2574E-01
1.0E-03 -7.5448E-01 -3.8782E-01 2.8186E-01 -1.6407E-01 -4.9924E-01 3.1315E-01
1.0E-03 1.1006E00 4.8798E-01 6.6235E-01 -6.1898E-01 3.6421E-01 -1.9921E-01
1.0E-03 8.7656E-02 -1.8933E-01 2.4053E-01 -5.1296E-01 9.2446E-01 -3.627E-01
1.0E-03 -1.726E-01 5.3218E00 5.7603E-01 -2.8092E-01 1.0458E-01 -5.7754E-02
1.0E-03 7.3995E-01 -2.0846E-01 3.6042E-01 -1.7275E-01 -2.2319E-02 6.9684E-01
1.0E-03 -4.2039E-01 -6.7478E-01 7.2237E-02 7.868E-02 -1.1042E-01 3.5193E-02
1.0E-03 4.201E-01 2.5984E-01 -3.037E-01 -5.1959E-02 -2.1801E-01 -4.0737E-01
1.0E-03 3.2331E-02 -1.4578E-02 3.6103E-02 -5.9053E-01 1.3308E-01 -2.5173E-01
1.0E-03 2.6296E00 -1.0013E00 3.8287E00 -2.2856E-03 3.891E-02 -9.7167E-02
1.0E-03 -3.9394E-02 -6.4056E-01 3.8599E-01 -5.0833E-02 8.1474E-01 5.6225E-01
1.0E-03 -1.3357E00 -2.637E00 -8.416E-01 -3.3787E-01 2.3785E-01 1.6118E-01
1.0E-03 6.4777E-01 4.4846E-01 -8.3493E-02 3.1358E-01 -2.1495E-01 -5.2847E-01
1.0E-03 -1.0721E-01 -5.3602E-01 -8.4796E-01 2.9946E-01 1.6207E-01 -1.1708E-01
1.0E-03 9.1769E-01 -5.1596E00 4.4685E00 -1.314E-02 -3.3585E-02 -1.4844E-01
1.0E-03 -2.7464E-01 6.892E-01 7.2195E-02 2.9212E-02 3.7519E-01 8.8292E-02
1.0E-03 -5.812E-01 5.8403E-01 -5.4124E-01 1.5381E-01 7.2601E-02 -1.2449E-01
1.0E-03 -9.1268E-01 -2.5797E-01 3.2894E00 1.8356E-01 -5.318E-01 8.6056E-02
1.0E-03 -2.5325E-01 -4.0421E-01 9.2844E-01 1.1563E-01 -4.118E-02 1.0262E-01
1.0E-03 -1.0909E00 6.0958E-02 5.8653E-01 1.6774E-01 -4.2219E-01 5.7085E-01
1.0E-03 6.5366E-01 -1.6622E-01 -6.4979E-01 1.8305E-01 3.8106E-01 -4.405E-01
1.0E-03 2.0149E-01 -1.2308E-01 1.9281E-01 -1.7494E-01 3.2469E-01 2.3087E-01
1.0E-03 8.197E-01 -4.2466E-01 -1.1781E00 -3.0103E-01 -5.7217E-02 3.8366E-01
1.0E-03 1.2631E00 -2.405E-01 1.1082E00 -4.6128E-02 -4.5617E-02 -6.7542E-02
1.0E-03 -3.7242E-01 -3.3451E-01 2.998E-01 -4.4628E-01 6.2314E-01 -4.7011E-01
1.0E-03 -3.5939E-01 -2.7034E-01 4.8205E-01 3.5613E-01 1.9528E-01 7.1909E-01
